TF	AAT/ATT	AAA/TTT	CCA/TGG	AAC/GTT	ACT/AGT	CCG/CGG	ATC/GAT	AAG/CTT	CGC/GCG	AGG/CCT	GAA/TTC	ACC/GGT	ACG/CGT	GAC/GTC	CCC/GGG	ACA/TGT	CGA/TCG	CAA/TTG	GGA/TCC	AGC/GCT	GTA/TAC	AGA/TCT	CTC/GAG	CAC/GTG	TAA/TTA	GCA/TGC	CTA/TAG	GCC/GGC	ATG/CAT	CAG/CTG	ATA/TAT	TCA/TGA
TGIF2LY	0.0319851861888309	0.0364473951629293	0.0314409592846013	0.0358399385768805	0.0310864214258293	0.0266693765101732	0.0286814353137773	0.0306799448998487	0.0287966036628051	0.0292437278413838	0.0292030801887858	0.0323284330329923	0.0341666102115936	0.0322381049161078	0.0309554456563467	0.0387146308967324	0.027572657679019	0.0353882979924576	0.0269177788316058	0.0278210600004516	0.0322313303073414	0.0287288575751417	0.0267258315832261	0.035986721766818	0.0341124133414629	0.0298466680215884	0.0303276652439988	0.0274123252715489	0.0334981821466477	0.0292956665085925	0.0319580877537656	0.0336991622067159
MEIS3	0.032502226569021	0.0378494883042852	0.0307174752673849	0.035819137043903	0.030722719394618	0.0253693395109152	0.0286801318373586	0.0311999349728223	0.0266060795167012	0.0286696435828926	0.0278978828584339	0.0306816403979593	0.0353392994020821	0.0362648878587092	0.0277597875079645	0.0414172428651464	0.0269469477868472	0.0371380350430062	0.0260362176907136	0.0274862188706422	0.030564521556422	0.0291110242916714	0.0252242519908018	0.0353585278686031	0.0343507814186588	0.0295593971700941	0.0296870042660975	0.0273157847355693	0.0356338445483364	0.0301598497382744	0.0319105142128958	0.0360201619211685
TGIF2LX	0.0327119158710623	0.0363787656484321	0.0315877552250292	0.0355350656996567	0.0306003481421217	0.0264142983962747	0.0290079803816583	0.0304496874369833	0.0282036840019192	0.0293139375059395	0.029464598211078	0.0328950265742305	0.0334350872557268	0.0327744980101198	0.0302804838758278	0.0386108619414834	0.0281781875748958	0.0352152014333628	0.0271351519239372	0.0275361411853057	0.0320721873384743	0.0291771839428138	0.0267272090915623	0.0348953371670688	0.0343228264875427	0.0298539981874358	0.0302828017328299	0.0266715805235112	0.0343923621976066	0.0295271803501355	0.0327466837260942	0.0336019729598802
NFATC3	0.0339322950239319	0.0381927604828528	0.0357535314593015	0.0368790146496985	0.0288437467812886	0.0309064505193252	0.027583205608044	0.0302741335996295	0.0298212118793728	0.030214107829475	0.0344643416230286	0.032684031849128	0.0331806086749516	0.026982947906499	0.0340250621232616	0.034008691458674	0.0269276969135158	0.0331847013410985	0.0347412786989687	0.0284235663902071	0.0312897969150847	0.0270750328948042	0.0266800906116285	0.0335550876273928	0.0334670953052345	0.0299746868598814	0.0295476853585551	0.0287700787906444	0.0320442117081629	0.0284140168358643	0.0310039923958263	0.0271548398846687
TBX3	0.0315225140215936	0.0381237119348022	0.0320415963323549	0.0373242983502706	0.0309504504413876	0.0264819162855704	0.026876928534974	0.0310302576700447	0.032338693830633	0.0296708521869528	0.0292248706150455	0.0336035378075009	0.0344331305961466	0.0279513082014334	0.0309933719761276	0.0394428784790754	0.0272357257394408	0.033975747991574	0.0253686389782529	0.0280143492055827	0.0318283299566157	0.0271659782454884	0.0263860134813858	0.0413253901668105	0.0365463455331089	0.030639269314523	0.0307794349514081	0.0285421499530881	0.0301952996895566	0.0277829753073752	0.0313930787683934	0.0308109554534828
E2F8	0.0324858579113804	0.0378844191349703	0.0324176147220507	0.0359043167491884	0.029335122354789	0.0305215039539054	0.0266484404856395	0.0301120448179272	0.0384702606679853	0.0293634695257413	0.0297382821194445	0.0333803686392098	0.0327861279444311	0.0266694383900487	0.0341950873302844	0.0346108458375854	0.0277277327722693	0.0342024365968276	0.0275691985939803	0.0297036355771694	0.0330821983966	0.0271744379910885	0.0272426811804182	0.0343630705655576	0.0346759393412537	0.0315094553563554	0.0305152045825827	0.0308690192718767	0.0301372423032181	0.0278390216656378	0.0310044557553156	0.0278610694652674
PAX7	0.0435834108888787	0.0432619661994095	0.0302366426104195	0.0377605325240302	0.0303849400357357	0.0249612623076843	0.0303432564351062	0.031142459316405	0.0265829146937097	0.026912375460223	0.0309316364901446	0.030609390192971	0.0316843461245875	0.0263039552125743	0.0265532552086465	0.0363128290098622	0.0269869249767333	0.0353468917260458	0.0262919310970082	0.0273428387974923	0.0334134139430041	0.0284258108061528	0.0244410189075209	0.0315208181528874	0.0461277137426823	0.0293428500200001	0.0315969708848066	0.0246253886795357	0.0337741374099895	0.0262270008729508	0.0364450942810902	0.0305260229917122
TBX4	0.029674506648041	0.0354361843736872	0.0332402050845999	0.0357803539885715	0.030186965081968	0.0287843473683678	0.0268022087591167	0.0298048355830891	0.0340126887238899	0.0301641891515713	0.027994149116547	0.0343517970209083	0.0344321454420302	0.0289994533776705	0.0336217019187456	0.0379750679481924	0.027991618457614	0.0336780090800042	0.0264358958785689	0.029351847634087	0.0312055553024897	0.0266136746686102	0.0275999989877364	0.0408758357501126	0.0333736973433143	0.0317294017016151	0.0299275725413383	0.030613381112174	0.0301268619323099	0.0290677811688607	0.0298105295656883	0.0303375392884799
OLIG2	0.0327488449150537	0.0386923443679533	0.0324933027368739	0.0376564552698285	0.0299850447799079	0.0270891859352329	0.028395195121031	0.0317798426957813	0.0280753386362623	0.0296540404819971	0.0296454652411186	0.0329906667078278	0.0327033961383975	0.0283180179531243	0.0298538435944666	0.0379814568991243	0.0267041576197875	0.0354534758881377	0.0273078545776351	0.0292604369256732	0.0337144170379746	0.0287965163941455	0.0256296799377095	0.0335686379430398	0.0369104093133976	0.0314239701993229	0.0305673036355591	0.0282236903034606	0.0329580807924895	0.0298932897025077	0.0322128923601464	0.0293127458950322
MEIS2	0.0305092841363663	0.0342027624912244	0.0319422055048063	0.0359053860137816	0.030818103396806	0.0273078578031421	0.0277607927184536	0.0308242797820148	0.0299966441640366	0.0293790056431573	0.0276413826044169	0.0321192618807917	0.0346577562016054	0.0314892705894948	0.0310548648298097	0.0384500567198042	0.026597573504131	0.0351601021985873	0.02639787038238	0.0299389979020878	0.0325042565588064	0.0284504890667688	0.0268528640927611	0.036010384562331	0.0343921716376274	0.0317301496126377	0.031114569886828	0.0294798866015676	0.0335933591506235	0.0300089969344541	0.0313904484261541	0.0323189650025426
ELF4	0.0337652639674873	0.0395350451115443	0.0306142522770848	0.0370642481762961	0.0306119581295127	0.02946717849099	0.0289217449057019	0.0325929545580984	0.0278928197195749	0.0315525586341104	0.0335398639685197	0.031752723009784	0.0320159764436927	0.0272584879158644	0.0305528838295288	0.0358082023805222	0.0263683586578548	0.0337147927208992	0.0326302344561465	0.0278354660302701	0.0335719820345304	0.0279042904574358	0.0258647932657592	0.0322063906921845	0.0362372079765217	0.0301514080043956	0.031451042604041	0.0265645082752771	0.0315072492195597	0.0282661922369487	0.0338650593868776	0.0289148624629854
NFATC4	0.0335956046107535	0.0380318845190606	0.0338806155829112	0.0366384408931092	0.0296304340732402	0.0292791414796505	0.0278591852051263	0.03102693685095	0.0299465464216082	0.0302188109281059	0.0326885661143878	0.0323428819656886	0.0330199742215479	0.0275614277673087	0.032590673258119	0.0347315696303729	0.0273977631482343	0.0339193648385176	0.0318284346116509	0.02864895621742	0.0322174567435941	0.0281278807012392	0.0270525888581614	0.0333024359005735	0.0347953019586729	0.0305833598459819	0.0304217346614131	0.0284990577812584	0.0318442402290693	0.0285077253779072	0.0317978430940669	0.0280131625102991
PITX3	0.0366871358841127	0.0397125312099332	0.0306307218210855	0.0357648964167623	0.0310637244978294	0.025997030838788	0.0326270328632161	0.0342859392221697	0.0275265987358571	0.0290449198101536	0.0288762174685651	0.0305857345299953	0.0310243606181254	0.025698990035315	0.0303045639606811	0.0337517151404728	0.0265368783318712	0.0332568549384799	0.02758283284972	0.0308500348651506	0.033616753267202	0.0289830622849045	0.0255471579278854	0.0315754549339811	0.0447229907551117	0.0291292709809479	0.0330825291855051	0.0270767258249544	0.0310299840295117	0.0274816114447669	0.0363441077895494	0.0296016375373957
MYBL2	0.0306806257168656	0.0380493935622422	0.0319679332308368	0.0415586792590966	0.0309612709568782	0.03116260341167	0.0278034019083876	0.0290882690289675	0.0311760255753227	0.0282194889816238	0.0291138931595773	0.0342863069526808	0.0361922541913757	0.0285294189423335	0.0307282133879981	0.0351331234595017	0.0285037948117236	0.0348488176294019	0.0272482124118408	0.0289381848353955	0.0336957317519584	0.0268211435683432	0.0260316763062206	0.0326158576762574	0.0371525489908973	0.0301217756302316	0.0304695316885082	0.0291883251580155	0.0294470068575054	0.0297374136710838	0.0315494057642092	0.0289796715230495
PITX2	0.0354500345455687	0.04012450362554	0.0313729595433006	0.0358994758844015	0.0306220296045056	0.0261974052439475	0.0311845291683242	0.0347200413151044	0.0276741410715407	0.0300553426990209	0.0285269629908786	0.0316730523627075	0.0311021781155567	0.0261290119967339	0.030887227910028	0.033634124043018	0.0262630069300505	0.0332795957819512	0.0277188060493129	0.0312822338072008	0.0333005324902819	0.0294216583268778	0.0266580128272233	0.031696780632149	0.0441652883333682	0.0287935570769564	0.0327980514903447	0.027829072713188	0.0305996971156195	0.0275638744076656	0.0343292227595977	0.0290475891380357
BARHL1	0.0383821977899939	0.0434393914154034	0.0308845577211394	0.0377283580432006	0.0310219890054973	0.0251304903104004	0.028755066910989	0.0324268421344883	0.0274501638069854	0.0288411349880615	0.0298170359264812	0.0314384474429452	0.0315134099616858	0.0267838303070687	0.0286703870287079	0.0358334721528125	0.0269740129935032	0.0352309956133045	0.0260661335998667	0.0289591315453384	0.0330223777000389	0.0276486756621689	0.0252693097895497	0.0323338330834583	0.0435337886612249	0.0298212005108557	0.0321228274751513	0.0266075295685491	0.0323699261480371	0.0272127824976401	0.0345521683602643	0.0301585318451885
OTX2	0.0346787878045344	0.0396142309019589	0.0309481073994891	0.0358243333476271	0.0298781147710032	0.0266027938242639	0.030901142074193	0.0327082861127617	0.0295187279339545	0.0298107297390566	0.0298638209763479	0.0315055653910476	0.032101820825242	0.0271970072877933	0.0291082918302796	0.0342132184929031	0.0277238357193761	0.0342418060822138	0.0276605346287595	0.0307153227436735	0.0319405051427031	0.0299720454215955	0.0278483959299441	0.0324755014569461	0.0390241013797596	0.0304845800585229	0.0315423208630185	0.0276503247754343	0.0313013683245427	0.0286100509880075	0.0336659703546699	0.0306683574183773
ONECUT2	0.0353020599171509	0.0372976488385574	0.0321393731178691	0.0361022748158516	0.0294276908286324	0.0273331354003195	0.0313907621834839	0.0297599355303898	0.0300950078466302	0.0289611344389306	0.0297634700484936	0.0318071284161117	0.0339554085196024	0.0283609732649051	0.0300759214488697	0.0348694349012456	0.0297571079159067	0.0354469751594068	0.02784493362175	0.028906702860132	0.0324793937594548	0.0280414528283214	0.0267965955521624	0.0330406752343385	0.035820927174789	0.0307891872022169	0.0308400842629116	0.0282634205652401	0.0320715103702761	0.0283171452404179	0.0342409975823896	0.0307015311532426
HES5	0.0313939550987694	0.0358092558658942	0.0321797574837721	0.0360078097875866	0.0298750736865013	0.0283141257654001	0.0272686327992008	0.0305425289599869	0.0313580583445651	0.0310933197823086	0.0285878385162077	0.0333413540143509	0.0340721894944783	0.0285154841210147	0.032671094306943	0.0352466864210992	0.0276197479262613	0.0333166749958354	0.0277863313012405	0.0307528615041525	0.0334653099937125	0.027935527185902	0.0277566043016651	0.0344014300369456	0.0356140672649085	0.0319509156757199	0.0321707832952211	0.0298565644226147	0.0315094977763643	0.029359057844815	0.0315403465495086	0.0286871154770538
PITX1	0.0328535363419312	0.0366012368390152	0.0323968974650019	0.0352753532427884	0.0296538024971623	0.0282316985661539	0.030178937205631	0.0320593108667006	0.030492061006954	0.0302294936527196	0.028632888436599	0.0325925998408287	0.0322811068926377	0.0279169439116991	0.0329676960611635	0.034417524495414	0.0277571203047738	0.0340946155752997	0.0281371090845043	0.0310807989875664	0.0322077185017026	0.0287535715683588	0.0272205696243819	0.0334879382102365	0.0375047294740825	0.0309323913525644	0.031680952940102	0.029554320456117	0.030744843242397	0.0290291857476483	0.031726616827795	0.0293064307800697
TFAP2B	0.0315334228008129	0.0377124316007381	0.0326238613717717	0.0355427164284445	0.0294349725115033	0.028736490796956	0.0267664031583222	0.0318987626527365	0.0304957889323061	0.0332227439727511	0.0289468509937158	0.0329282396972874	0.0313887465022251	0.0268728711762741	0.0363360748847956	0.0339079171850543	0.0268608505936021	0.0339980715550942	0.027911792964353	0.0304532875864301	0.0324366837273079	0.0275855200061133	0.0275297101579934	0.0327200260331476	0.035933385365284	0.0314145048936651	0.0325508792626918	0.0327728307355996	0.030590236367586	0.0290052366809797	0.0318596957590526	0.0280289936454048
DMBX1	0.034751129154747	0.0401094038177136	0.0313685184233517	0.0356327549091823	0.0293997065054159	0.0273932085124849	0.0304857506666438	0.0323517823800469	0.0298976194962628	0.0302310841598575	0.0288287053691237	0.0319989036778183	0.031730533143761	0.0270426138148015	0.0311846560574656	0.0342577841729905	0.0275131187511063	0.0341984000548161	0.0277141111510812	0.0304583426121018	0.032217026111882	0.0290000057100114	0.0270106377511691	0.0323529243823195	0.0398798613609241	0.0304058105075629	0.0319018334846486	0.0286608310350538	0.0308352033620547	0.0282474262123782	0.0336388189412497	0.0293014943099737
PKNOX2	0.031211627111138	0.036527635189994	0.0319262435332246	0.0355798458038932	0.030154800008052	0.0276335124906899	0.0276989351208809	0.0303661654286692	0.0289906126913193	0.0296012239064356	0.0283279988727178	0.0320973488737243	0.0353886104233347	0.0340734478061611	0.0303393253752575	0.0390489227073562	0.0281434735055123	0.0352493776462615	0.0275177647603519	0.0288949950010401	0.0313105998080936	0.0285796243734525	0.0265515228375304	0.0355748132938785	0.0335534217713093	0.0302839677650959	0.0302017701015225	0.0287624722373198	0.033311861290604	0.0302973877918017	0.0301900275781549	0.0326106648952231
HMBOX1	0.0312094646945651	0.0372874027515402	0.0331043768698837	0.0382522699771044	0.0322671913222889	0.0273819162118007	0.0281059293630135	0.0302663613913821	0.0296627752773449	0.0302634595350646	0.028013069960854	0.03519806620295	0.0333176633092189	0.028911194491116	0.0313444010133282	0.0347889044621845	0.0276111628608821	0.033983639334082	0.0267231948277313	0.0290664438041015	0.0334961274727443	0.0273804652836419	0.0271584732753542	0.03494415377517	0.0376022541619874	0.0299500590527761	0.0329912044735017	0.0283903112821272	0.0308177140917045	0.0288154332326389	0.0313792232891381	0.0303156929487793
IRX5	0.0337448223946958	0.0385469701970178	0.0313443665305749	0.0380834424168709	0.0306534011196359	0.0262010622820647	0.0284840911085483	0.0308042021574437	0.0290736984448952	0.0291602236305226	0.0291540432601207	0.0321762443866786	0.033130493576741	0.0284161070341268	0.0289995340000717	0.0398028214626959	0.0280378683655269	0.0364629492974773	0.0267585316923214	0.0288722183697913	0.034581644547121	0.0274457888810192	0.0259501392437452	0.0341762122487525	0.0366335275205714	0.0307980217870417	0.0312924514191985	0.0270935077681076	0.0332553370588606	0.028476674664066	0.0327213530561314	0.0296682500775637
MYOG	0.0297746390313849	0.0335472690605998	0.0328545978289485	0.0353160088845948	0.0298794343099742	0.0287215742806827	0.0268889348965722	0.0302807235474991	0.03277791835681	0.0310066225504104	0.0279087718760144	0.0330539644565087	0.0341785967145402	0.0282870572718977	0.0332073234007857	0.0362259386206385	0.0270218459816123	0.0332993387673519	0.0277324090900958	0.0307050166266655	0.0339843420517893	0.02820526583495	0.0277119612308589	0.0356585105268135	0.034173484749731	0.0329363892658963	0.0321082509668003	0.0310986379169766	0.0317171856588939	0.0298819902923788	0.03167628994042	0.0281797060109038
CUX1	0.0416400872156876	0.0406562089246603	0.0306005798004594	0.0370870184908767	0.0298595131276172	0.0247366090445222	0.0333655444699654	0.030398470707866	0.0266215570400281	0.0278131585651097	0.0303472416670351	0.0307472492461261	0.0309212876314148	0.0260180368329786	0.0274685906329453	0.0355143571141348	0.0283121153874494	0.0367810477812562	0.0260650552677138	0.0278405275047317	0.0332939641663386	0.0284868555404208	0.0246053784878731	0.030546543688898	0.0420148311582044	0.0288251075634416	0.0324272810783082	0.0257373297599323	0.0326230742617579	0.0269099835575832	0.0401642697791467	0.0315711245055169
NFKB2	0.0317024929093895	0.0350572047000618	0.0344561021900923	0.0356676369607404	0.0298765274134732	0.028786279402043	0.0283597765124859	0.0298871899857122	0.0300857803936622	0.0316385174759559	0.0285143838099503	0.035860896082571	0.0320117075043183	0.0285943531017423	0.0343748000767705	0.0353544239012219	0.0276120636342311	0.0348919348303585	0.0286676582858849	0.0286756552150641	0.0327567547395134	0.027404143475572	0.0279306079798691	0.0359115433007059	0.0338443371078839	0.0310094257138592	0.0312320069093468	0.029272759260444	0.0313732859915126	0.0289902010961124	0.0302630456571343	0.0299365043823172
USF2	0.0330325195528957	0.0380545264557804	0.0319887389137888	0.0363526976807114	0.0301211027343829	0.0277842546295097	0.0284561200491665	0.031195972261803	0.0296731924546117	0.0299161463595775	0.0297762463621683	0.0327020561845298	0.0319156224542374	0.0278038291147439	0.031415897360611	0.03619207175776	0.0274963945525359	0.0344102178812923	0.0275090603959228	0.0296305891632195	0.0332075384796958	0.0290496875278864	0.027286832416499	0.033325561111255	0.0364902947975048	0.0310894640333227	0.031492468141086	0.0288009764213811	0.0323094150395376	0.0290911393789707	0.0329363742871865	0.0294929920464261
TFAP2C	0.0309516123127511	0.037109023264001	0.0329636520092108	0.0350481709889835	0.0287927650883563	0.0293655733018862	0.0266638710371675	0.031409045340599	0.0315983789786412	0.0333341838555355	0.0287875879966911	0.0329314800824341	0.0318339366494085	0.0272644136703324	0.0371356483068507	0.0334784028376379	0.027190825010234	0.033861137828602	0.0281008837665265	0.0309109351639529	0.031474128778676	0.0276138673577344	0.0280879410373634	0.0332162201240209	0.0346169932117234	0.0319774160469873	0.0319004992565327	0.0336444395631866	0.0302075902820073	0.0295626725774262	0.0308340183734983	0.0281326859010414
ELF1	0.0331785280451338	0.039429606948896	0.0314061427311121	0.0368959232751262	0.0305573388127723	0.0283840189393849	0.0284174301526654	0.0322768230390999	0.028273045980989	0.0313253989656843	0.0324243892310887	0.0320918681084401	0.0319661783060992	0.0273355432464403	0.0308918486981162	0.0358701194769077	0.0265603235478254	0.0337783388740262	0.0310183340055351	0.0285848839716068	0.0334382604531356	0.0283072526993476	0.0265181617786857	0.0327095778015899	0.0363816292421303	0.0301552109957894	0.0315338212961482	0.0273526466056196	0.0314860909914618	0.0286449446050039	0.033761633267386	0.0290446859067525
ELF2	0.0327514523649238	0.0377957713117411	0.0310965043508614	0.0369605056473932	0.0306617298725908	0.0285112324531877	0.027978283092727	0.0317993118408258	0.0292296232577854	0.0308424963223377	0.0316684119979056	0.0319083950432593	0.0323151195551899	0.0276666168000598	0.0309811878225746	0.0362343231854788	0.0264324182810981	0.0337113845463385	0.0305635549904007	0.0292888398533922	0.0336599596080485	0.0285190241105044	0.0268064178322986	0.0328885855336974	0.0364556062532725	0.030551088338694	0.0319270950208193	0.0275637669234797	0.0311494876206149	0.0290987234148652	0.0341352507043658	0.0288478320492682
ESX1	0.0378261228402645	0.041441685950728	0.0314036574642808	0.0369047732416587	0.0309894072571557	0.0255176540423519	0.0297728448672653	0.0315322178733886	0.0275016109730277	0.028920536969847	0.0299688598120161	0.0314909515692306	0.0314552403444784	0.0272857564589702	0.0288753027518276	0.0357485231424608	0.0274770099070873	0.035288245134544	0.0267373907633314	0.0283443958771788	0.0329844743466433	0.0284848600278706	0.0262175940474943	0.0324559482203113	0.0411234592590476	0.0296268256371676	0.0316591911169519	0.0269968923298638	0.0323019931624908	0.0277634932878769	0.0352723734790986	0.0306307078440896
FEV	0.0362853618348397	0.0394388821154373	0.0312497239082227	0.0364460472492424	0.0305285721858517	0.0281124930424872	0.029619401963123	0.0312671176901941	0.0281224323464709	0.0297464041806921	0.0303579474674653	0.0318932938411655	0.0312047209485188	0.0274669904671031	0.0310098001537279	0.0354739281012837	0.0267621281595943	0.0343369821622624	0.0288993546078613	0.0284186788235398	0.0327143907869278	0.0281127691342645	0.0265092280915653	0.0325222309099101	0.0393513610220255	0.0299509881876894	0.0313631976287029	0.0278791954906482	0.0321553049378462	0.0279415922323235	0.0346602856335091	0.0301991946955039
NKX2-3	0.0346147858695374	0.0389293181285236	0.0306184983969527	0.0363262137146753	0.0331752947459067	0.0241757657087794	0.0284311812891771	0.0349005164827153	0.0267729584547688	0.0305662786641995	0.0296765726514422	0.03149145468411	0.0310303445911195	0.0269946459994758	0.0298775693586432	0.0356907094198486	0.0271848046489356	0.0361193053396155	0.0266586662094977	0.0290509211363802	0.0345280814076075	0.029282461460852	0.0290923028113922	0.0334088056263314	0.0401530333753062	0.029781997394925	0.0319052714342297	0.0264389492207436	0.0316894955573816	0.0266251667582975	0.0334531431352728	0.0313554863233564
SRF	0.0362590728845396	0.0419590473761102	0.0331934234631171	0.0364275831149657	0.0305189032921334	0.0245576606451314	0.0284596773570175	0.0322890336943163	0.0269168038710974	0.0298726897479303	0.029617605454166	0.0326848008410052	0.0312393231763405	0.0275181844182146	0.0287070318236981	0.0372701342670964	0.0259722190014609	0.0358803113574349	0.0275862068965517	0.0268905224590126	0.0349759215886341	0.027590844792802	0.0245576606451314	0.0326585194289204	0.0393030787901275	0.0304354211596287	0.032278211936399	0.0272136292311141	0.0358401162565993	0.025795978943951	0.0363796581870464	0.0291507238983064
POU3F4	0.0427882343725917	0.0425418748089134	0.0299863807379669	0.0358029932055296	0.0294822911692099	0.024785035488411	0.030164517653242	0.0306054381031072	0.0279864464338506	0.0273989736281562	0.0310223542877935	0.0297577085275784	0.031623724299644	0.0257932146259251	0.0266889527318117	0.0357663551165723	0.0270806012689413	0.034798604215149	0.0256163410930279	0.0284665317374287	0.0337019883111862	0.0272498945075715	0.0245045646005311	0.0312472363510485	0.0432430520286131	0.0307292495761352	0.0309958232578589	0.0262328716934125	0.0357006592329248	0.0268999375889105	0.0397017912235353	0.0316363581234224
MLX	0.0335465093019643	0.0390070977258286	0.0320075689678553	0.0363007033300237	0.0305429258882289	0.027140839018632	0.0282542587134313	0.0311409408526311	0.0295526422026071	0.0299407544340653	0.0302384630132161	0.0325099846677484	0.0317498666026567	0.0276344221777824	0.0313420110448324	0.0358180309564966	0.0276162375350769	0.0343648182237137	0.0275663596579417	0.0293505328879655	0.0329495334600024	0.0291286802469578	0.027574153076244	0.0332264595903468	0.0363495420847186	0.0306987942542764	0.0315607463185191	0.0282615325705135	0.0321556439156004	0.0289374817179396	0.0338483743708763	0.0296840911913071
PAX2	0.0312704053340158	0.0359658880237301	0.0334644743476582	0.0371132351799169	0.0305550907104255	0.0287482103462495	0.0280175831772001	0.0300935268401578	0.0308635291261021	0.0299054012816601	0.0294153998269682	0.034925728685757	0.0328672850747526	0.0284310219045963	0.0325402528538757	0.034446664763536	0.0281991462162153	0.0342421329063321	0.0273285186315397	0.0298463386063177	0.0315886875289161	0.0270780491379584	0.0276030506965568	0.0355327617378864	0.0347386968805064	0.0330597856462386	0.0301536832687472	0.0293639934243555	0.0324461900746268	0.0295783690607831	0.0297686821257751	0.030848216580643
NFATC2	0.0319813437594656	0.0362423677204394	0.0352096186650087	0.0362538261035918	0.0287849530505205	0.0304180217450221	0.0275140689017488	0.0299835995663749	0.0313855078355413	0.0306671170309436	0.03192305546256	0.0330464752020661	0.0340881916877899	0.0276445948315717	0.0342780022956622	0.0340089793868669	0.0273810520190668	0.0331984233264782	0.0325303497696367	0.0296049747317742	0.0319723763291724	0.0274796937522917	0.0275843137723787	0.0341210722655316	0.0331351531238542	0.0311573365536372	0.0301788902705374	0.0299756285172254	0.0316899022749374	0.0291321918790951	0.0299761267077973	0.0274527914614122
POU2F3	0.0394198776118014	0.0410049909255898	0.0306828493647913	0.036473602773512	0.030245125413002	0.0251451323933175	0.029641618967844	0.0305388803573922	0.028133579971148	0.0281946577318628	0.0302247661594304	0.0311133021545907	0.0321705291079157	0.0269047535948625	0.027732211829308	0.0356781376518219	0.0271694238912932	0.0345947345153334	0.025872248592303	0.0287283610219182	0.0338283540416027	0.027884906231095	0.0254388873377077	0.0320120177765368	0.0417146563357997	0.0305156126390246	0.0321181767415887	0.0265426497277677	0.0345322025222207	0.0272944878775187	0.0373345083531109	0.0311147563869887
HSF1	0.0338563933753989	0.0399285312748899	0.0313971211982953	0.0369668150341178	0.0306716190077068	0.0269021619739968	0.0288578635312355	0.0316010278698737	0.0284984921045309	0.0295732267160549	0.0325079056081094	0.0316843930284196	0.0319288557230745	0.0274913508648009	0.0299427371485285	0.035751260898023	0.0287429547991857	0.0341966133467619	0.0281041974357328	0.028840965188287	0.0330103496717778	0.0303618160536511	0.0271590167868139	0.0326780155937909	0.0364542319646802	0.0301432641515173	0.0326115487781935	0.0270441080547641	0.031706924152351	0.0285503136895729	0.0334215426835245	0.0294143822923391
CREB5	0.035522656052173	0.039750638134043	0.0308232671462138	0.0364868214602535	0.0304656251678532	0.0259570676160193	0.0295518365682918	0.0312452980255294	0.0286240358762946	0.0290650831667729	0.0301099849169834	0.0318838490951024	0.032367599905385	0.0277779723901727	0.0295211434134325	0.0365532120886992	0.0275414349250069	0.0348253876428691	0.0265472436045641	0.0285866702964658	0.0338562179160616	0.0286924282322311	0.0265188857984441	0.0330034820049703	0.038432500581335	0.030415915601831	0.0314024336335591	0.0267547560211129	0.0336610494857062	0.0280588814813851	0.034512784533052	0.031483837218186
CREB3L1	0.03150112504018	0.0366116062026846	0.0332060042784779	0.0364231758277081	0.0293196277945887	0.0276154413150223	0.0275551713053791	0.0299368758243829	0.0318287999201942	0.0301751848280296	0.0289185204890322	0.032805589731653	0.0352773528857558	0.0286123211296955	0.0321065961715381	0.0363767609926956	0.0278634489409105	0.0343636041188663	0.0275454726831377	0.029827419944801	0.0330057970050655	0.027663241667498	0.0272399660825325	0.035438072911471	0.0344411930967978	0.0316161229896142	0.030764029749831	0.0300172358372405	0.0319327137299239	0.0294083009122247	0.0311845342998703	0.0294186922931977
TFEB	0.0292661056423807	0.0347045496927063	0.0335118771301267	0.0356456738838037	0.0287840373910387	0.0298267331643119	0.0272116616872786	0.0300675689079865	0.0330060030392122	0.0307242133161931	0.0287931629628748	0.03332182717754	0.0354191216438726	0.0293414908010268	0.0336674086153333	0.0352417681390578	0.0285991453703594	0.0336051166684521	0.0283995730819437	0.0311650181122763	0.0317625446855447	0.027742928673737	0.0283376778990553	0.035903173715179	0.0322085074135352	0.0326985109447347	0.0302671411964021	0.0315601950491789	0.0314542590630815	0.030012418712977	0.0287911791429104	0.028959407075889
TCF12	0.028228140319624	0.0329527769854733	0.0339590036646167	0.0350236106732586	0.0287227051109476	0.0301738733013409	0.0269149999082595	0.0293690587589676	0.0341921079802574	0.0312401483193971	0.0281259747430015	0.0338672631468332	0.0359101576769299	0.0297205917430198	0.034423544286484	0.0349910844896809	0.0288415507817126	0.0329506919737055	0.0285846773319189	0.0313665000325262	0.0318794129274066	0.0273937186101478	0.0288023525604779	0.0367429113769918	0.0312810145500461	0.033376034374338	0.0303627753675042	0.0322159338267305	0.0315574871104572	0.0303348362098156	0.0278123889731234	0.0286826728850058
ETV4	0.0294567389249237	0.0343737112113035	0.0330290664639861	0.0352542895397297	0.0286302743485237	0.0315843932659535	0.0272290561331789	0.0294505896349208	0.0334054030121682	0.0312646301857987	0.0286913572958866	0.0339530997751	0.03464878945077	0.0288897743866493	0.0346004150360799	0.0344048676139853	0.0279907481882142	0.0329790522386285	0.0295395493636305	0.0308669760989396	0.0323432156523208	0.027499214940643	0.0284831013411192	0.0351870573023639	0.0323690426703333	0.032871234687243	0.030601326770811	0.0318045378480601	0.0307062746535285	0.0301048740912374	0.0294837958009368	0.0283035420730322
XBP1	0.0332813001744083	0.0389584640684238	0.032223087069926	0.0369886034575251	0.0306208262600017	0.0257447927709483	0.0286651953188181	0.0310794959471529	0.0277075385469895	0.0286296211445303	0.0292618928022062	0.0320513823886967	0.0347991316106895	0.0289777737302273	0.0295175525347548	0.0377854649615728	0.0265995215985042	0.0346188891276311	0.0267427669403032	0.0289208550513667	0.0337418671508549	0.0282753023686234	0.0258093006069903	0.0354133790200596	0.0374505934009432	0.0308726914139596	0.0307664432134199	0.0271957447595684	0.0334055726232538	0.0290759584512617	0.0336194919913047	0.0311994994950839
CREB3L4	0.032275913741431	0.037174032863688	0.032063482494517	0.0362661763523833	0.029937734679114	0.0272687083031911	0.02831076969008	0.0306324422703733	0.0308140135726343	0.0301343771171357	0.0293147944010013	0.0324409785616682	0.0337744152399325	0.0284241620448517	0.030745834625145	0.0364915257156636	0.028450715950716	0.0342897045483252	0.0275285059767818	0.0297927647065578	0.033104108535143	0.0282834981110843	0.0274976460321288	0.0346047630530389	0.0355736217805183	0.0317800016075878	0.031095341440169	0.0288274943447357	0.0321948166775753	0.0291770011597598	0.032222088256571	0.0295085661464972
JUND	0.0314759251017362	0.035516978742766	0.0332590142895575	0.0362367448400792	0.0301726799787903	0.0279658231774621	0.0284790291817594	0.0301215723269101	0.0296935457424132	0.0295913304386527	0.0288247156604493	0.0337821578928315	0.0332831484585009	0.0291072274027872	0.03234049621271	0.036860684090117	0.0274817201415966	0.0344415885677861	0.0275108231100284	0.0293592165196967	0.0332490766905808	0.0278763847866717	0.0268996607729606	0.0355098804577826	0.0346034294654069	0.0317790218705259	0.0305680544523638	0.0287551524676123	0.0331638972707804	0.0297737563627252	0.0316626099967987	0.0306546535291608
POU1F1	0.0382730814715056	0.0423876956887339	0.0306153830691766	0.0372553157988188	0.0308224203258324	0.0247580377692238	0.0299085082932157	0.0315426955714798	0.0278032945054724	0.0282495301460316	0.0303158825716841	0.0302482101997675	0.0319929513529449	0.0265657611299276	0.0281537167877734	0.0364841187683628	0.026910823224354	0.0350985102027826	0.0263453234035853	0.0283875549838022	0.0336177583024285	0.0280505331711876	0.0258153348274857	0.0320465532316908	0.0413558595228763	0.0302193991899416	0.0313785398178206	0.0264893784527148	0.0348439012787398	0.0269805056667236	0.0361035454292673	0.0309798758446484
ELF5	0.032779415294781	0.0379145662719879	0.0319860103945113	0.0364303338859953	0.0301249630163063	0.0277468417321208	0.0283895206355055	0.0312491277430736	0.0296937191918854	0.0307222845595172	0.0302777824298147	0.032155577141007	0.0328031406831795	0.0279799087828597	0.0316692066788364	0.0361177170035672	0.0272883834915956	0.0340354652688226	0.0292359587569013	0.0295478778337883	0.0332378735353062	0.0283253225257211	0.0273414167127218	0.0336035236388605	0.0363452016099769	0.0303998983995132	0.0314668430719075	0.0284690704671948	0.0313991559344174	0.0288668196256413	0.0331157575656077	0.029281316117075
SPIB	0.0311145240387936	0.0355939916220751	0.0318072670981582	0.036989635263669	0.0299504719185123	0.0277036278608663	0.0270433888746684	0.0304644425754602	0.0314944153939291	0.0308788695083353	0.029078956456731	0.0328555234577833	0.0340561426603771	0.0270637039203975	0.032057142160627	0.0361059307744502	0.0264217484753558	0.0336051486451896	0.0276020526322205	0.0305863328498352	0.0342349150627938	0.0281282123166059	0.0273399885423142	0.0344482230429501	0.0363476798186273	0.0325751758267208	0.0324837581209395	0.0293775876289498	0.0315106674305124	0.0297920145618248	0.03259549087245	0.0286929705878768
ETV5	0.0316710814381893	0.0379814762346759	0.0318998393199527	0.0361897524903618	0.0292200493631393	0.0304773231289426	0.0280651415544827	0.030760650628311	0.0312175274033412	0.0309651269472056	0.0299502854169918	0.0328438809247493	0.0335058730071706	0.028250064825383	0.0329122526938797	0.034695797385438	0.0274529905747919	0.0334346896886554	0.030088051336847	0.0299539915502717	0.0324285384019946	0.0281262288547524	0.0276633455878547	0.0334320059369699	0.0350650049387421	0.0313007237055914	0.0310370770519167	0.0298127750925351	0.030593235642216	0.0291434985412532	0.031540344391796	0.0283213759415975
TFAP4	0.0284415574443907	0.0323482213469084	0.0335496023976433	0.0350842169652203	0.0290036010718756	0.0302786927622806	0.0269591545799133	0.0291745688055549	0.0344801992234789	0.0311248294801608	0.0279179047750674	0.0338910259855599	0.0352771955149123	0.0291438560390257	0.0351144178523074	0.0352280550884656	0.0280039005213492	0.0328452562852397	0.0283519785420138	0.0310378099749947	0.0326246362456714	0.0274679627454142	0.0284210822667045	0.0363639155706048	0.0317401085696297	0.0333576476068356	0.030702528940384	0.0321613853505222	0.03158808037531	0.0304112695377985	0.0292887179211552	0.0286166202136073
ETV1	0.0295996491392111	0.0344564885870061	0.032749159024981	0.0354607608068908	0.0288333656143069	0.0315307192423544	0.0270924193142631	0.0296154556849021	0.0331449905494667	0.0314441171821604	0.0287180446189843	0.0336977743938412	0.034665758346858	0.0289335479461509	0.0344758571711626	0.0344469156086299	0.0278889801661246	0.032938392318464	0.0298400867356366	0.0309460996791939	0.0324744368083245	0.0276318455143918	0.0286668403160419	0.0348247143133837	0.0328531260226946	0.0326607759455542	0.0309004610613539	0.0315071207375201	0.0305186550633264	0.030023309089209	0.0293625509538471	0.0280975820437641
CREB1	0.0345147281180618	0.0400936204509591	0.0317686486464789	0.0363964842727993	0.0308981608077187	0.02681036597333	0.0292229878176144	0.0315991959743091	0.0284951441487433	0.0295122902646859	0.030686990091893	0.0322269736827958	0.0316777577884792	0.0280366757514516	0.0304964633564331	0.035850135597978	0.0280835547901991	0.0350331214028043	0.0277035048461027	0.0286387918454557	0.0328936022154432	0.029025579755366	0.0271542889517861	0.0331695720918617	0.0367071475051105	0.0300812899735198	0.0312092541229541	0.0275714693883461	0.0319782423915822	0.0283397408521004	0.0337305435861088	0.0303936735375281
RFX1	0.0310359697253572	0.0340872254687663	0.0323162480855303	0.0373317868879273	0.0310746308605077	0.0281750457242271	0.0275549805950841	0.029846396336114	0.030246390388247	0.0304292872968432	0.0284471606370165	0.0342329482089486	0.0340455904001427	0.0288754070571441	0.0319757327028594	0.0365912774531234	0.0281393585225499	0.034011390165202	0.0273973621210094	0.0300917458476454	0.034518445822367	0.0276427116325408	0.0272843526490312	0.0348158391696778	0.035398730130407	0.0315043642473718	0.0323727528215194	0.0291088608347831	0.0307579069456216	0.029656064593835	0.0323088132518476	0.0287252234167522
MAF	0.0378102135948444	0.043582285098251	0.0304908249152772	0.0372223776769852	0.030701954174828	0.0253658790533022	0.028930492921747	0.0313310036810242	0.0283838705922248	0.0278546013525287	0.0301972684790523	0.0307540134443063	0.0323085610745612	0.0268712595957164	0.0284388220433408	0.0371992402238838	0.0270773275374013	0.0358948663052886	0.0263058380855493	0.0283766401381306	0.0337597132112688	0.0280606692942137	0.0253434646456101	0.0329036274465145	0.0401304663136759	0.0312818365931836	0.0312044707343755	0.0261778590480818	0.0333569769182214	0.0274243893339233	0.0353627048839548	0.0298964815887332
CLOCK	0.0326548924154831	0.0383730164697727	0.0321400106127237	0.0366199835724777	0.0299795121441211	0.0270506295665325	0.0277309323657279	0.0311238530631887	0.0307962335572604	0.0299472872746855	0.0297711246551044	0.0326122839770072	0.0331232271846134	0.0280943572821402	0.0309186880611155	0.0364363018166949	0.0278823892520751	0.0348501221322552	0.0271698615834442	0.0297525058416527	0.0331318204831296	0.0278107784311072	0.0268053625047174	0.0340856766184225	0.0357814208589432	0.0322513654393288	0.0308252359397524	0.028543715183714	0.0329714122441614	0.0290177788185217	0.0321042052022397	0.0296440154478863
TFE3	0.033191700521133	0.0386450736107045	0.031931231613104	0.036200851544827	0.0304449853390375	0.0273314426299713	0.0285501548638514	0.0313170200689374	0.0295901873757921	0.0300242625698514	0.0301626422458099	0.0324143466221521	0.0317056970184278	0.0279221053520889	0.0315520227467055	0.0353431403252457	0.0275062380101294	0.0342967957579103	0.0278662679389828	0.0298892816929515	0.0329261086518372	0.0292847810032381	0.0278711233662094	0.032762966297023	0.0362630010133277	0.0309052798401205	0.0316010625616943	0.0284816933399561	0.032209447593189	0.0290072933372371	0.0330020960879337	0.0297996990606205
NKX2-4	0.0311130928788479	0.0359367155502708	0.0323972783723081	0.0355033690051526	0.0307662835249042	0.0272235434007134	0.0272935658607478	0.0318007662835249	0.0307788347205708	0.0313099484740388	0.0293030783458845	0.0326456599286564	0.0333491874752279	0.0285083894834192	0.0327077553177434	0.0348064473510371	0.0279924692826001	0.0341339674990091	0.0280307834588453	0.0304227771171885	0.0326839741049016	0.0293506407715682	0.0301248513674197	0.034682256572863	0.0349220504690184	0.03089774078478	0.0312868278504426	0.0296062888096182	0.0308118641828511	0.0288472717664156	0.0307220240454485	0.030040295943982
HSF4	0.0337538547799271	0.0386655452761424	0.0319170171012055	0.0358317914213625	0.0308259041211102	0.027354079058032	0.028829828987945	0.0313473507148865	0.0289520605550883	0.0292413793103448	0.0311634426689094	0.0318373983739837	0.0320751331651248	0.0275267731987665	0.0312924025791982	0.0354449116904962	0.028322960470984	0.0337975890103729	0.027905803195963	0.0291426969442108	0.0335183627698346	0.0296316232127839	0.0274908887019905	0.0332481076534903	0.0365988225399495	0.0302696944210821	0.032040370058873	0.0281177460050463	0.0320437342304458	0.028394729464536	0.0338099243061396	0.0296080740117746
SREBF2	0.0313016561665474	0.0366528388686226	0.0330115743173254	0.0358536538580224	0.0297927331501859	0.0282093752137137	0.0286749583414649	0.0306544685138203	0.0302018124590295	0.0306788631515036	0.0295087545474107	0.0334963395533404	0.0330051107808452	0.029089250179728	0.0323245629398332	0.0352615105159653	0.029026491325517	0.0338526680644586	0.0284622871411486	0.0298488199667399	0.0324434086105982	0.0282264723102097	0.0280936570606004	0.0341568712813815	0.0344051961829273	0.0310856489474027	0.0308204354505377	0.0294341111261232	0.0321727740831369	0.029208095850493	0.0313181277595131	0.0297274722818536
ELK3	0.0337258777567385	0.0390362139152047	0.0319612116895748	0.0362082469338823	0.0305884898759682	0.0287036231253445	0.0291277431513118	0.0311726551947534	0.0286547759682657	0.0301216911052495	0.030708857273275	0.0325857217592579	0.031461570291059	0.0279757504707165	0.03206707498222	0.0353339995218647	0.0271215087203012	0.0340379660777333	0.0297014054977559	0.0288163216857037	0.0327269283874003	0.0288620012796955	0.0273062276624285	0.0329189827387817	0.0363152772234542	0.0299818181878805	0.0314198918293877	0.0279930887107718	0.0314433984817703	0.0286756151991013	0.0337713906368836	0.0294746746662639
CEBPE	0.0346196841304036	0.0399164777796815	0.0318858551501312	0.0365853258920755	0.0308681592249408	0.0265897636829545	0.0290708071068319	0.0316326014723354	0.0272006621109092	0.0295852725262359	0.030840774122998	0.0322753321555399	0.031138967455264	0.0276685494509404	0.030653291502005	0.036007195962172	0.0276329722244848	0.0347755685568473	0.0275955225124263	0.0289954395613141	0.0329047213788235	0.0293058040499991	0.0272261747272491	0.0330924380605169	0.0372170557223628	0.0299962831160782	0.0315684688404352	0.027682359032262	0.0321877934536031	0.0286054944345047	0.0343397475327662	0.0303354370709082
TFEC	0.0310558329629726	0.0353411239793295	0.032221379833207	0.0359467726333952	0.0302018247888944	0.0275744424982353	0.0275722639059545	0.0305874356225981	0.0319033053602084	0.0306876508675154	0.0281365193066848	0.0325699545981369	0.0327159202809513	0.0275526565754272	0.0327115630963896	0.0356984131133827	0.0268467926764442	0.0335263566094133	0.027404512300332	0.031676731763004	0.0338291809364461	0.0285787735396896	0.0279970894007128	0.0337333228760904	0.036018666178662	0.0324239889153225	0.0327050273195472	0.030090716582573	0.031572159333525	0.0299926799299365	0.0326854199890199	0.0284415222259984
CEBPB	0.0340621783163964	0.0390261750335717	0.0317441603114225	0.0363905384600004	0.0303760102833034	0.0269978081560863	0.0286387608187389	0.0314033293872329	0.0285813044930157	0.0297538731883733	0.0301452656791993	0.0319806505480989	0.0320392560003365	0.0279437691027919	0.0311525899817772	0.0362749363326455	0.0274627447438379	0.0347757858818776	0.0277144034505052	0.0292737681306309	0.0326960967160033	0.0288111297959082	0.0271835070008235	0.0335949434756159	0.0369784315847994	0.0309680402635545	0.0312001638194759	0.0281942786829447	0.0323338920386447	0.0287741279221425	0.0335071502099109	0.0300209301903344
DUXA	0.0312234230838187	0.0337119801650968	0.03255504630034	0.0360764158648579	0.0309230799878024	0.0287440601789493	0.0277311684112616	0.0302549698354396	0.0291486039409305	0.0306518517837468	0.0286720391304148	0.033558743891619	0.0331940415607421	0.028443717082933	0.0332951775012374	0.0359890711889756	0.0272285534342547	0.0339357051243742	0.0279870729879694	0.0301431073558008	0.0338115837428573	0.0283548400443159	0.0281020001930777	0.0351983720178306	0.034885770019936	0.0319221804908771	0.0320754167643548	0.0299393031120755	0.031324559024314	0.0297477577702283	0.0317030526198039	0.0294673353897641
CDX1	0.0469858466624445	0.042808568361384	0.0295113482727179	0.0374984840522295	0.0317311449785072	0.0224719605808663	0.0299039225990756	0.0310780522204705	0.0236946005309186	0.0271379355261799	0.0279491360220632	0.0306702061239798	0.0298024102446627	0.0252235742230487	0.0265396414727376	0.0369451069697664	0.0254948727277627	0.0363710680806529	0.0237017872462753	0.0263581769099819	0.0359560352688056	0.0264345357606464	0.0231582918974276	0.0305327601927836	0.0515341391437927	0.0284108824837288	0.0325899574636285	0.0240611230141084	0.0337739688186387	0.0254625325086577	0.0454083626416569	0.0307995670003998
MIXL1	0.0418751058915849	0.0414470809591325	0.0312755440226615	0.0365099322591097	0.0310793659286209	0.0227774656762645	0.0333770275451878	0.0309188565789513	0.0243498628239539	0.0276016633524458	0.0303867978087501	0.0307880711829242	0.0290819162438434	0.0256369100166751	0.0275035743054255	0.0379426268246792	0.0261986927405188	0.0371549420531524	0.0265672697656861	0.0263354229272744	0.0342449669915495	0.0284042101007939	0.0245698200809086	0.0324645021683624	0.0421515386604603	0.0284904095663572	0.032223738143858	0.0236037915875266	0.0350980444610899	0.0260916865074057	0.0409061050028386	0.032943057822007
SHOX	0.048474838508668	0.03850123298123	0.029023298300026	0.0378126045555691	0.0308979962506041	0.0215191957386469	0.0312361145778566	0.0308360373948248	0.0267201991180599	0.0278124452327971	0.0273238553986521	0.0290905679148721	0.0334931871812438	0.0258333023539054	0.0237851196071454	0.0358069078813435	0.0256987631242133	0.036017567990993	0.0240506575604851	0.0274371515920771	0.0338313055084963	0.02602448968031	0.0235939322807409	0.0317565689664024	0.053695314671326	0.0302837184518783	0.033307310613906	0.0245958954913426	0.0349501054185675	0.0249747296381072	0.0393084683593826	0.0323071176563266
NKX6-2	0.0615400633016825	0.0470847909378644	0.0273779776778278	0.0359736798267533	0.0306388472430451	0.0175329002165584	0.0364734299516908	0.0297934366150258	0.0203231717474596	0.0230259870064968	0.0281900716308512	0.0265950358154256	0.0266283524904215	0.0236756621689155	0.0203731467599534	0.0356446776611694	0.023896385140763	0.0376186906546727	0.0210936198567383	0.0238630684657671	0.0328085957021489	0.0261244377811094	0.0209853406630018	0.0271447609528569	0.061544227886057	0.0261244377811094	0.032183908045977	0.0195943694819257	0.0422830251540896	0.0210311510911211	0.0545477261369315	0.0382850241545894
PDX1	0.0561771272637063	0.0415074836682378	0.0290788059207806	0.0353799718845613	0.0318200611924254	0.01952782601505	0.0364177623418507	0.030004961548003	0.022930621020425	0.0244521624080046	0.0267427437360456	0.0280864963201852	0.0290457289340941	0.0249400479616307	0.0232737947572976	0.0345902588274208	0.0256139915653684	0.0349665095509799	0.0224344662201273	0.0262300504424047	0.034118911767138	0.0257917803688084	0.0221905234433143	0.0292772678408997	0.0598776151492599	0.0272637062763582	0.0339163152236831	0.0220458116265608	0.0409782518812536	0.0226660051269329	0.0422558504920202	0.0363970892251716
LBX2	0.0440286971469622	0.0455793308702791	0.0285319812192118	0.0418190040024631	0.0332111427545156	0.0212342210591133	0.0309132543103448	0.0330411663587849	0.0228377719622332	0.0271384954844007	0.0287195966748768	0.0300184729064039	0.0296031532224959	0.0252655480295567	0.0246561986863711	0.0386600087233169	0.0256632286535304	0.0390625	0.0234872100779967	0.0262789922003284	0.0345565219622332	0.02734375	0.0234856065270936	0.0299158456486043	0.0511869483784893	0.0275618329228243	0.0330764444786535	0.0226453458538588	0.0336008056239737	0.0247155300697865	0.0400182163382594	0.0321431778530378
MSX2	0.0447801478767258	0.042607254247639	0.0307967458396039	0.0368982965822592	0.0311893389168793	0.0232611398285677	0.0322417064712426	0.0308649043599642	0.0249378394294314	0.0271734388972497	0.0296462300159218	0.0303850683766276	0.0297498309668695	0.0260174703919388	0.0268326462954481	0.036560230321272	0.0270807433095596	0.0378197997775306	0.0253904120046239	0.026726319003686	0.0333622325459661	0.0274215359113612	0.0244770878317957	0.0314728783615782	0.0452190887478462	0.0288555911797422	0.0313801827738882	0.0248642282274423	0.0339538485026936	0.0260501864817117	0.0393220135662719	0.0326615629566621
LMX1A	0.0463409961685824	0.0431002554278416	0.0299457215836526	0.0373659003831418	0.0307311621966794	0.0222733077905492	0.0319157088122605	0.0309067688378033	0.0243518518518519	0.0267752234993614	0.0307088122605364	0.0292528735632184	0.0300351213282248	0.0253097062579821	0.0258588761174968	0.0363856960408685	0.0258812260536398	0.0377618135376756	0.0250893997445722	0.0266666666666667	0.0337803320561941	0.0277777777777778	0.0240581098339719	0.0302809706257982	0.046213282247765	0.0284227330779055	0.0320306513409962	0.0239750957854406	0.0349936143039591	0.0253767560664112	0.043081098339719	0.0333524904214559
MSX1	0.0456637705951202	0.0445120944749557	0.0294634014585397	0.0381028480537799	0.0322656883046727	0.0225402148795054	0.0318136460490381	0.0314797725158309	0.0244609255424507	0.0266536118363795	0.0299735902283845	0.0298516701179436	0.0294709042345668	0.0258076738393206	0.0253818912997809	0.0366285525644488	0.0269012034452748	0.0381778758140512	0.024777917829597	0.0263778848173824	0.0337493622640377	0.0277190060322319	0.0244234116623151	0.0304256324840191	0.0473275111791363	0.0286531016476096	0.0318830467272891	0.0232379730500285	0.0338562768224243	0.0255563308424117	0.0401210948050779	0.0327421145823955
LMX1B	0.0493544452963788	0.0426956347225581	0.02874163574831	0.0371740707768784	0.0315513038884229	0.022053665004537	0.0304809541207608	0.0316456456147393	0.0248393188870421	0.0262681672147063	0.0289320345050576	0.0291807536017098	0.0299920924480306	0.0252750061322122	0.0248993545310616	0.0357280694080657	0.0245271335381406	0.0368687466444363	0.0237878374646433	0.0271481182256208	0.0340522172878641	0.027714168583519	0.0238101364181363	0.030096725999036	0.0526238149392697	0.0292493657663035	0.0329612838708239	0.0235802856667473	0.0350213641127504	0.0248101587170897	0.0423680116366231	0.0325684792285248
EN1	0.066257375763157	0.0391077458303489	0.0281455711313483	0.0348033698284389	0.0307445683686347	0.0200143251816228	0.0366588219243494	0.0285548620348579	0.0226474299942017	0.0245847402708141	0.0268358402401173	0.0275930284116102	0.027245131143627	0.0244073808792933	0.0236774787680344	0.0328046659163	0.0244142023943518	0.040833589140148	0.0223268187864525	0.0259695078276885	0.0313243971486067	0.0265766226678945	0.0233364030151097	0.0277362802278386	0.061952999761247	0.0269040553907023	0.0332480643951022	0.0222586036358675	0.0345305092260991	0.0233636890753436	0.0431870118353286	0.0379549097854633
FOXI1	0.0366813171686184	0.0417470477763684	0.0311632891851764	0.0392279480447971	0.0310413655447725	0.0242687039713676	0.0285360313855049	0.0308565135738375	0.027324661022782	0.0279480447971053	0.0292833053105611	0.0317394767116014	0.0312517821499857	0.0268251673991918	0.0284259068070755	0.0403252608084324	0.0263886021061326	0.0381070371572127	0.0254682752721159	0.0275685083035899	0.0339596668731503	0.0271850387894162	0.0247878626982488	0.0342408778502109	0.0392476131480881	0.0305851351484224	0.0311731217368219	0.0254859738650777	0.0332674552373086	0.0273561251880476	0.0381385013224782	0.0303943836465001
RAX	0.0489905037208127	0.0436602122197582	0.0292799973549285	0.0376922695422373	0.0314362029997945	0.0225114482002886	0.0318022620085067	0.0309119120324777	0.0252958583375253	0.0275299991261817	0.0291264887383717	0.0293059757361919	0.0298987551632033	0.0250785846033219	0.0255957905575669	0.0353849169518384	0.026061039749285	0.0369837682350524	0.0248660342111665	0.0270694732765115	0.0331578611762539	0.0269466663832661	0.0240323643397122	0.0301160288974066	0.0516710003329956	0.0284699441937137	0.0329476724551223	0.0243818916512568	0.033247604675164	0.0255674505052795	0.0387007030694638	0.0322793195553446
FOXJ2	0.0358140794922404	0.0413594068766483	0.031472911932682	0.0389378182481631	0.0307331663653503	0.0250020732779353	0.028388980113118	0.0302189934373842	0.0276315425740713	0.0277631266137013	0.0287925782178656	0.0318687697998043	0.0313866635705716	0.0269835741100109	0.0285990722772332	0.0416513244099451	0.025794894760412	0.0376109203695411	0.0257208096288556	0.0276923587268415	0.0344949218512437	0.0271262156319628	0.0247024155070132	0.0351970719786812	0.0383794153909096	0.030456729307304	0.0309333067953758	0.0259651799881685	0.0337175808440176	0.0278051450465244	0.0376230836000951	0.030175869256329
HOXD9	0.0456336829481767	0.0418490095857975	0.0290717073099967	0.0380079207346264	0.0318634680696393	0.0226903095920838	0.0305610762141016	0.0297599762732573	0.0256335862359102	0.0256142437826102	0.0270359141001649	0.0299791907439913	0.0325839744550667	0.0257673715379023	0.0251903216811171	0.0370375743274065	0.0265829783187217	0.0342828866032557	0.0231513047290686	0.0262106360926955	0.0362396981287788	0.0255465451960599	0.0229756107782597	0.0314895139725047	0.0522987699811572	0.0293328304295475	0.0324356823130995	0.0236090761238368	0.0368651041188142	0.0244585321979313	0.0450550212202831	0.031186482204137
SOX18	0.0421035929457115	0.0412752413886439	0.031699030712009	0.0360134589627638	0.030291999757328	0.0238705251515533	0.0288896355719826	0.0305766726867991	0.0253872251856208	0.0278512793948134	0.0316430294799819	0.0313046887031515	0.0287776331079284	0.0264465818248001	0.0297553212837349	0.0389698573368614	0.0251935542581937	0.0380271699310718	0.026619252290217	0.0262365772046985	0.0339157461464152	0.0287332987992403	0.0250045501001022	0.0329660585866222	0.03921486272698	0.0299933265198501	0.0310620166977007	0.0248482133273599	0.0348350997055269	0.0269109253736916	0.0398775439726341	0.0317060308660124
SOX7	0.0381262917062057	0.0393106777875287	0.0305609661546218	0.037072711316595	0.0301067136615843	0.0244939603444708	0.027894908328993	0.031640707682575	0.0279329608938548	0.0282992168306494	0.030025851961253	0.0307536072642346	0.0310247317888749	0.0272789324352928	0.0283467825367267	0.0411847666069717	0.025659320143363	0.0384949259283042	0.0256997509935287	0.0284252659517541	0.0349631722520697	0.0290745378397083	0.025316847059607	0.0337264638940617	0.0384211990838845	0.0306204232872184	0.031417148864012	0.0261896777661242	0.032929738317268	0.0277831289197115	0.0370560633194679	0.0301685490794847
VENTX	0.041181098339719	0.0404270753512133	0.0313481481481481	0.0369696040868455	0.0306125159642401	0.0246334610472542	0.0327560664112388	0.030714687100894	0.0271775223499361	0.027410472541507	0.028748914431673	0.030767816091954	0.0311049808429119	0.0264357598978289	0.0278784163473819	0.034781098339719	0.0273553001277139	0.0350099616858238	0.0255897828863346	0.0281195402298851	0.0323269476372925	0.0278518518518519	0.02552030651341	0.0314196679438059	0.0451187739463602	0.0292311621966794	0.0313072796934866	0.0264623243933589	0.0351816091954023	0.0268546615581098	0.0369859514687101	0.0327172413793103
FOXD2	0.0500006424959683	0.0501516290485277	0.0271856106602931	0.0408466811870756	0.0318051566726419	0.0193584035260179	0.031411627892035	0.0314742712489479	0.0219942432361237	0.0240791426533799	0.0282168166894753	0.0274891900053327	0.0288143379400294	0.0237273761107149	0.0217517010080762	0.0411631104514819	0.0236550953142769	0.0393866090990279	0.0217099387701342	0.025874918884884	0.0353645843372333	0.0271374234626678	0.0214159968646197	0.0293668844727999	0.0549703488110612	0.0278329253483934	0.0335318645875497	0.0207606509769151	0.0373049221616134	0.0228969500716383	0.0469086306483427	0.0324123153627211
VAX2	0.0493546077434805	0.0427466005559312	0.0290139044123396	0.0367135359891083	0.031568182828687	0.0222065837829385	0.0298080918191031	0.0316647731889691	0.0242901758404511	0.0275006554345876	0.0274715250084708	0.0298310895239322	0.0294339958205504	0.0254937223931718	0.026051800030357	0.035450195403832	0.0240923955789212	0.0352646805848776	0.0239007480386791	0.0275635158277871	0.0342175184249945	0.0271480239605421	0.0236615719084569	0.0298709522123025	0.0551224321146083	0.0290507007400661	0.0341147953434247	0.0242165831849981	0.0355176553379973	0.0248451871169924	0.0413544728236122	0.0314593270258295
DLX5	0.0478268969243093	0.0434415693287878	0.0302185212094115	0.0377475362804821	0.0317116563274279	0.0228664840999273	0.0307270999832337	0.0311304234430597	0.0247098492892938	0.0267870116805455	0.0289927159596863	0.0304197172078466	0.0298114718977626	0.0257977980215727	0.0262057787961773	0.0363652452541962	0.0259999254829635	0.0375211907822426	0.0246688649192422	0.026801915087837	0.0338791706253842	0.0275564000819687	0.0242869651073977	0.0309553084073846	0.0500484360736973	0.0280854710408167	0.0324652098586039	0.0240624825350696	0.0331554239087911	0.0254037891913039	0.0385094729782597	0.031840198215317
HOXA2	0.0404580506064574	0.040355541446768	0.0299921960768753	0.0364833406081769	0.0310569686388106	0.0241524807216645	0.0320192320410566	0.0307825086306099	0.0272013015356533	0.0276410988981919	0.0289571842387207	0.0302269751200349	0.0321911828895679	0.0274327738317263	0.0270657249050964	0.0353193656336389	0.0280246815602555	0.0345720407920321	0.0252404005132071	0.0272971972011693	0.0331336058092933	0.0279453196301734	0.0257794002883483	0.031850587939632	0.0443699324100895	0.0303559382564184	0.031579434678518	0.0258323082417364	0.0364337394018756	0.0262191976508869	0.0369727391770168	0.0330575506262979
HOXD4	0.0510637368874917	0.0415670607241488	0.0297344205390182	0.0367859754832935	0.0319339380642063	0.0212583641702416	0.0350449181866806	0.0295379375839146	0.0235015445743415	0.0242601870954361	0.0280697732805012	0.0288884522600998	0.0301874229077294	0.0253190119090502	0.0242165242165242	0.0356944035104955	0.0268417548111035	0.0366058661077818	0.0230103371865824	0.0256410256410256	0.0343681435635459	0.0264760782002161	0.0225737083974632	0.0303074958247372	0.0530558557378481	0.0288829944002358	0.0328344849417646	0.0227756492124308	0.0391219395050813	0.0234742552750216	0.0421565095894598	0.0348102302125291
SOX11	0.0331598170889534	0.0379530835082876	0.0316259718347665	0.0366061756444547	0.0288794301764881	0.0268854313460451	0.0256439753434375	0.0303605495000623	0.0311610249920911	0.0299627083872576	0.028591834191328	0.0320238129475712	0.0330591584941474	0.0273551714551398	0.0337829417234669	0.0388014916645097	0.0251358891029881	0.0354653782366531	0.026684114156433	0.0308302896091571	0.0332221295524048	0.0277146664365899	0.0265211430981757	0.0356331425613298	0.0363856853891653	0.0320573658125066	0.0322730628013766	0.0292485116907768	0.0318177024915399	0.028634973589102	0.0337062494607575	0.0288171177130367
DLX4	0.0465851916943994	0.0439160217250908	0.0302796099647444	0.0374613123281773	0.0315077340052725	0.0227826420430149	0.0312701084725266	0.031299517573114	0.0251165482656277	0.0265764160187842	0.0296043770152586	0.0301208008215726	0.0305042954932318	0.0262870304690046	0.0255470974982266	0.036689617528765	0.0266611142284758	0.0369801794425681	0.0246471790202535	0.026516421453586	0.0337157692773713	0.0276080872673887	0.023920186053734	0.0313171630334664	0.0487944033305218	0.0283586075143781	0.0320123941713515	0.0241048752054226	0.034307480381189	0.0254082865434543	0.0379271524814811	0.0321723796785468
PROP1	0.0490124606522353	0.0416492841200077	0.0288501111780661	0.0386040024103798	0.031999337005089	0.0227370733550492	0.0313321281434316	0.0310750771504142	0.024935350972931	0.026685545165826	0.0283795533493183	0.0293698317650413	0.0305792356174351	0.0248932114658789	0.0253455088415709	0.0357174461773146	0.0254143367030892	0.0365532130671802	0.0242063375009306	0.0273597772786587	0.0339110659750169	0.0271926239006856	0.023617789052437	0.0301213196408028	0.0542630432309203	0.0288711809315921	0.0331820525030165	0.023967546960969	0.0330598479325655	0.0256166063369391	0.0399917968426272	0.0315063047725801
PRRX1	0.0455033472274852	0.0404469811797398	0.0295803334596438	0.0371708033345964	0.0304368763420488	0.0235647972716938	0.0318697107490211	0.0297382215485664	0.0271251736768978	0.0271251736768978	0.0286803713527851	0.0298645320197044	0.0324538966780346	0.0262015283567008	0.0260515346722243	0.0362392636099533	0.0268686055323986	0.0364326765188834	0.0245397562207907	0.0271449096880131	0.0337880510294303	0.026829133510168	0.0241805608184919	0.031617089806745	0.0472006441834028	0.0301211001642036	0.0320315460401667	0.0251910445875963	0.0347116963496274	0.0260989010989011	0.0387891562460528	0.0324025830491348
RFX5	0.0260793972761518	0.0288225635081619	0.0341157152516179	0.0331498116487974	0.0292668791654593	0.0314884574519463	0.0249396310248237	0.0287646092919927	0.0378827393026176	0.031237322515213	0.0258089442673621	0.0341929875398435	0.0385202356804791	0.0289384719405003	0.0362793393219357	0.0333429923693615	0.0268134840142954	0.0299043755433208	0.0281271129141312	0.0337486718825461	0.0337100357384333	0.0272384815995364	0.0294793779580798	0.039273640490679	0.0322225441900898	0.033980488747223	0.033033903216459	0.0339225345310538	0.0288611996522747	0.0306577803535207	0.0290543803728388	0.0271418912392543
GSX2	0.0481228541573369	0.0450906851768921	0.0289558143006419	0.0378713240782206	0.0316558441558442	0.0220107478728168	0.0320700850873265	0.0314095387371249	0.0236359904463353	0.0263677414539484	0.0299615614270787	0.0287300343334826	0.0298570682191372	0.0253563964770861	0.0251343484102105	0.035611658456486	0.0257501119570085	0.036615539632781	0.0246062845200776	0.026281907747425	0.033764367816092	0.0278063890132856	0.0238263173608001	0.0289763397522018	0.0511270338856546	0.0279164800716525	0.0326391998805792	0.0232665323182565	0.0358728914763397	0.0247928795342588	0.0418066129273026	0.0331094193163159
