TF	AAT/ATT	AAA/TTT	CCA/TGG	AAC/GTT	ACT/AGT	CCG/CGG	ATC/GAT	AAG/CTT	CGC/GCG	AGG/CCT	GAA/TTC	ACC/GGT	ACG/CGT	GAC/GTC	CCC/GGG	ACA/TGT	CGA/TCG	CAA/TTG	GGA/TCC	AGC/GCT	GTA/TAC	AGA/TCT	CTC/GAG	CAC/GTG	TAA/TTA	GCA/TGC	CTA/TAG	GCC/GGC	ATG/CAT	CAG/CTG	ATA/TAT	TCA/TGA
TGIF2LY	0.0272712579025875	0.0255847568381338	0.0261315304581538	0.0297631417316653	0.0310912844100248	0.0241494760855812	0.0279039267027796	0.0274781452182707	0.0252605718032908	0.0245493966556296	0.0224306488780519	0.0282410421948528	0.0447172155183959	0.0641886368989069	0.0231584488992948	0.0579173651422581	0.0277376779669627	0.0392845762735346	0.022797319700937	0.0234253704806897	0.0250924758592982	0.0277025810116236	0.0204061087174372	0.0437151050830551	0.0229995889961809	0.0249585532665568	0.0223281288242982	0.0233376280923419	0.0467916302997557	0.0366966376193181	0.026381827165967	0.0565079453041659
MEIS3	0.0283108668283846	0.0268676881505819	0.0296312217889274	0.0325175791445328	0.0297642808159589	0.0238380364581734	0.0279935722254634	0.0266527466453772	0.0229168585787249	0.0240222720340631	0.0202045014892376	0.0283415727576995	0.0412790043090654	0.0634486852744598	0.0229987410568981	0.062947155095649	0.0234081534477641	0.044892068658458	0.0210949734393711	0.0217295626452135	0.0208186200755366	0.0275636892150541	0.0181062629860493	0.046499012292607	0.0223027399924259	0.0249229792939683	0.0207879141462216	0.0276762776225422	0.047113130878906	0.038218646687342	0.0254347447825508	0.0576964411827924
TGIF2LX	0.0268477553675992	0.025958577315116	0.0276078941661245	0.0303730210366515	0.0308111038820213	0.025062893081761	0.0281273042723921	0.027992843201041	0.0262849707221861	0.0255085664714812	0.0231273042723921	0.0294111906310995	0.0436380394708306	0.0595705920624593	0.0253524181305574	0.0551236174365647	0.0283094773368033	0.0386467143786597	0.0240685317718499	0.0243070917371503	0.0258078507915853	0.0271394491433529	0.0217024506614617	0.0438549121665582	0.0235491216655823	0.0261667751030145	0.0229223595749295	0.0241726306657992	0.0445521578833225	0.0353469963131642	0.0259292995011928	0.052726089785296
NFATC3	0.0349283223556761	0.0339015885315769	0.0411812820181669	0.0363209780877352	0.0300292737526368	0.032823195144001	0.0286193981660855	0.0294308838090318	0.0273451289336605	0.0294653235180163	0.0395152610960437	0.0328468724439279	0.03068147574153	0.0275065650695252	0.0328576348529855	0.0339618580222997	0.0282642386671833	0.0329781738344311	0.0417796719617719	0.0256661931206681	0.029516983081493	0.025580093848207	0.0261031469284085	0.0344978259933704	0.0295342029359852	0.0280791252313918	0.0274807352877868	0.0270201041801197	0.0360712901975978	0.0279887209953076	0.0305071247147962	0.0275173274785828
TBX3	0.0289338089575902	0.0341045448237769	0.0331159284241727	0.034418362506587	0.0304992694215506	0.0273493017556557	0.0267933184043187	0.0311595563379835	0.0330424624348443	0.0325118747341393	0.029787284216331	0.0366849243254961	0.0338496813299339	0.0293473952678833	0.0356291908492215	0.0393296999413179	0.0284376867827429	0.0325254795469779	0.0264640819336248	0.0260432397231511	0.0298825179062012	0.025642351238174	0.0277828417914455	0.0465919490345571	0.0320139385842469	0.0305672934857435	0.0284512915955815	0.0292176960521554	0.0301228695996829	0.0273356969428172	0.0291469510253947	0.0332175110267008
E2F8	0.0312448550260679	0.0442269581389677	0.0336229763102534	0.037842617152962	0.0257324918442635	0.0319095094362633	0.0282203725723345	0.0284825756882832	0.0505503216561481	0.0297326137992012	0.0315070581420165	0.0265983719015824	0.0390682642763499	0.0263788530138114	0.0314216896856611	0.0363913533949206	0.0317387725235525	0.034683984267813	0.0347144730022257	0.0284947711820482	0.0312509527729504	0.0247873410774719	0.02719595109607	0.0315924265983719	0.0309277721881765	0.0294033354675447	0.0255434616909052	0.0339644501356749	0.0284033049788103	0.0272142443367176	0.0238848745388579	0.0232690021037227
PAX7	0.0452678745373076	0.0357140074030781	0.0322618351841029	0.035065653613871	0.0300985778297292	0.0260853302162478	0.0315667251120203	0.0289592830703292	0.0274381453341126	0.0282563802844341	0.0281083187219949	0.0322119618157023	0.0309994155464641	0.0271186440677966	0.0290075978959673	0.0350001948178453	0.0287925189947399	0.0347336840054549	0.026697837521917	0.02765945840639	0.0327434248977206	0.0266588739528541	0.0255258133645042	0.0327590103253458	0.0462778102474187	0.0304352230664329	0.0311116306253653	0.0270001948178453	0.0339450613676213	0.027382037794662	0.0341539060977986	0.0309635690629262
TBX4	0.0265278517536431	0.0298206825023981	0.0343665260380144	0.0334571018746655	0.030033988450824	0.0280197161114964	0.0267781988547897	0.0285638378721518	0.0347458785331193	0.0324748726870035	0.0263298731787568	0.0380910778081345	0.0363233207265686	0.0310494269478218	0.0347075600992703	0.0410058333429129	0.0287017842340081	0.0319895058582499	0.0252365205329328	0.0270834690444532	0.0296469722689494	0.0244139514863082	0.0284080095744993	0.0512981646747467	0.0299943927358468	0.0312461282415798	0.0287669255715514	0.0308744394332448	0.0294975303769384	0.0284207823857823	0.0278932652797948	0.034232411519543
OLIG2	0.0296974743269498	0.0353792018783836	0.034789016815489	0.0373890212817544	0.0286766136776186	0.0286287608346812	0.0289860620619471	0.0299367385416368	0.0280098640660242	0.0295730569353125	0.0282363675225945	0.0352707354343922	0.0322942886036859	0.0294167376483837	0.0320614047680573	0.0401198235187153	0.0273782065392505	0.0367318422387474	0.0273590654020755	0.028963730735243	0.0332194435671423	0.0269443407632847	0.0253747675149381	0.0355482819234291	0.0328110993074099	0.0324793195963772	0.0275536669633543	0.02920299494993	0.0350410417882926	0.0314233668622253	0.0307279055448684	0.0307757583878058
MEIS2	0.0334968967757836	0.0336537384329278	0.0259460912818445	0.0325558468329188	0.0314579552329099	0.0181264143756582	0.022137079608344	0.029150142277789	0.0224507629226323	0.0249378234859179	0.0165131859021756	0.0241312092491766	0.0433331092738231	0.0609441867760077	0.0180591965225964	0.0592637404494634	0.0246689520736708	0.0461786650534382	0.0169164930205463	0.0225851986287558	0.0290157065716654	0.0209047523022115	0.0189106226613789	0.0363872644574399	0.0338329860410925	0.02805225067778	0.0220026439022204	0.0278505971185947	0.0532365396249244	0.0312787076247451	0.0364320763594811	0.0555891644820864
ELF4	0.028534791743913	0.0318615333910106	0.0322606393935649	0.0349771350883698	0.031591171260248	0.0340759279858279	0.0289261731141598	0.0322915379227949	0.0297810324228567	0.0332184937996951	0.0343050920776171	0.0344261113171013	0.0322477650063857	0.0292737815679974	0.0323172866971532	0.034943661681704	0.0275743624603469	0.0319053063074198	0.0366971532155069	0.0275795122152186	0.034554855188893	0.0259650640629506	0.0264568656531949	0.0340965270053145	0.0304196020269435	0.0312229637869237	0.0295853417377333	0.0278189758167511	0.0312873357228196	0.0301131916120793	0.0306796646479628	0.0290111440695423
NFATC4	0.0365957663471697	0.0447550311223126	0.0348137116380901	0.0388360636957269	0.0314914525018775	0.0328279935336872	0.0284492305342345	0.030765901656038	0.0266926337495704	0.0283473988365729	0.0400453151054595	0.0309186492025305	0.0299894349613676	0.0265526151652856	0.0321915454233016	0.0340117870190043	0.0293275289265666	0.0340245159812121	0.038212344547549	0.0260689146013925	0.030282201092145	0.0251651582846451	0.0252033451712682	0.0307149858072071	0.0332225913621262	0.0269599419559323	0.028958389022543	0.0260307277147694	0.0322933771209633	0.026488970354247	0.0320387978768091	0.027723679688395
PITX3	0.0379218390804598	0.0324518883415435	0.0316059113300493	0.0315901477832512	0.0295592775041051	0.0273944170771757	0.0359908045977011	0.0389701149425287	0.0271422003284072	0.0310620689655172	0.0240866995073892	0.0311487684729064	0.0292886699507389	0.0263986863711002	0.0332348111658456	0.0309806239737274	0.0264380952380952	0.0303658456486043	0.0283060755336617	0.0351159277504105	0.0315875205254516	0.0297878489326765	0.0270449917898194	0.0314666666666667	0.0538745484400657	0.0279014778325123	0.031984236453202	0.0306075533661741	0.0298377668308703	0.0272420361247947	0.0312354679802956	0.0283770114942529
MYBL2	0.0264902787967718	0.0313462949376376	0.0333348618244069	0.0460901198337002	0.030820494008315	0.036995597945708	0.0268617021276596	0.0256862924920518	0.0329985937882123	0.0263114453411592	0.0270955612619222	0.0371346906334067	0.0431416605527024	0.0311323061873319	0.0308846906334067	0.0338407923697726	0.0297337368549768	0.0333822450476889	0.0273401198337002	0.0283275250672536	0.0344552457813646	0.0239040719002201	0.0245261677671802	0.0331972976277819	0.0379172780630961	0.0302060405967229	0.0278124235754463	0.0315342993396919	0.0282388725849841	0.0316030814380044	0.0289557348985082	0.028700476889215
PITX2	0.0384262504345249	0.0332518421007642	0.0319924321428775	0.0328985234700448	0.0300662757366978	0.0275816479464779	0.0344770599330974	0.0361296793348492	0.0272682201289043	0.0303113193031645	0.0265900763054269	0.0320836111443535	0.0285903156503057	0.0267838316835633	0.0338900951110959	0.0322431743969364	0.027353700442788	0.0307900090609133	0.0286131104006747	0.0326819733415394	0.0312459040682931	0.0304708825557474	0.0273707965055648	0.0319639387049163	0.0496298702408835	0.0273878925683415	0.0325395061517333	0.0293995292884049	0.0301973455513195	0.0267667356207865	0.0329726064087441	0.0280318442662655
BARHL1	0.0543562004171327	0.0414306729032418	0.0318050285878842	0.0379395232737936	0.0321800397361383	0.0230884370846268	0.0303640831729597	0.0304468220222879	0.0255115033863829	0.0261325820216002	0.0247002328507617	0.0309292862216176	0.029802103715834	0.0259520608957931	0.0262883889456599	0.0335285755271378	0.026588182958161	0.0350597815049659	0.0233688895479343	0.0280882275511772	0.0314525825803561	0.0246314628980733	0.0226672211244102	0.0306638771854607	0.0630631211457934	0.0277185890554769	0.0345719446530824	0.0256092856628618	0.0339712820975695	0.0237148883723979	0.0348599188299652	0.029515204069462
OTX2	0.035292649566794	0.031009933194192	0.0306323103260688	0.0320628729841423	0.0299814614086556	0.029090826047985	0.0400630948273823	0.0350683595263321	0.0288852948109072	0.0292563928778533	0.0257069010375249	0.0306575939306299	0.031544966890712	0.0271374636955985	0.0286210403632357	0.0324869850606521	0.0292686268800603	0.0315580164930662	0.0305254667067942	0.0321379081976786	0.0339118385176957	0.0289432024213537	0.0256481778269313	0.0312913152449533	0.0453383965790467	0.029205825668731	0.0322333334148933	0.0271342012950099	0.0320384049797283	0.0276659725909415	0.0357192084437452	0.0298819581907053
ONECUT2	0.0381624530861388	0.030033844053064	0.0334786123367243	0.0332183989617568	0.0287654058145861	0.028629181257785	0.0387913700519693	0.0268264490989194	0.029289911144066	0.0276127992351848	0.027893405507877	0.0327787280868118	0.033717617098058	0.0299384052917122	0.0293355912349694	0.0342731196320795	0.0339500961321199	0.0389879575860356	0.0276592950419971	0.0271086868034296	0.0317134031096722	0.0252594588377517	0.0255066207581753	0.0344427885411492	0.0316701701664958	0.0312402878824586	0.0287580643714052	0.0283869136328153	0.0334712708935434	0.0278852483487871	0.035786272643254	0.0354281733592078
HES5	0.0324867280520451	0.0290009035149918	0.0343926585635285	0.0338361335592959	0.030206568000818	0.029863349643539	0.0288223796808027	0.0287993308289708	0.0320919640806693	0.0307643502151506	0.0270895250930755	0.0349403830970616	0.0332397969018991	0.0303268411003773	0.034336084109032	0.0354876885605615	0.0293617228136697	0.0334707044902516	0.0282939323688017	0.0292963478884737	0.0321456050449327	0.0259898853256761	0.0280684726908822	0.0370541723450656	0.0342011435583069	0.032663575606101	0.0297003314005823	0.0311855155986248	0.0333156485779278	0.0296177746040207	0.0293613037436364	0.0305891789412279
PITX1	0.0377721856505204	0.032489043685455	0.031378722766239	0.0320372160121244	0.0299361160244838	0.0275219784784146	0.0363488271728757	0.0373781027695213	0.0269961969482384	0.0309532348227438	0.0256315963294573	0.0315063691492875	0.028943310822995	0.0264815591499156	0.0325781935402826	0.0313199649073753	0.0265018204805582	0.0311102601352241	0.0288886052302599	0.0332458043849572	0.0313199649073753	0.0296342221979086	0.0264258404906484	0.0318305504395696	0.0503392759816108	0.0284529866214434	0.0328496953708938	0.0294174259600325	0.0306908505909217	0.027232241450225	0.0332336475865716	0.0295541899418702
TFAP2B	0.0319724093553627	0.0337419584859437	0.0335866375591216	0.0345659662600587	0.030150414197543	0.0287974075525305	0.0290540905127658	0.030023333439234	0.0296859642832469	0.0308453240584551	0.0289522241906292	0.0341590052602357	0.0317706938659833	0.0290071916614851	0.033788353048501	0.0352517989239487	0.0286647796182635	0.034405602446002	0.0285508103667641	0.0286995755401815	0.032542759901583	0.0272820199385675	0.0276350220449815	0.0351882585447942	0.0331595050103606	0.0318937403145047	0.0306768916248233	0.0304822361775722	0.033101511807164	0.0289729000282906	0.0330798273920557	0.0303117865890465
DMBX1	0.0333834084460023	0.0325967879021598	0.0326457118628134	0.0335819821686553	0.0302973617514394	0.0286588887162161	0.0328135881983895	0.0320327234146238	0.0297649539443265	0.0297822212245571	0.0271019556154155	0.0330917832687729	0.0315703440217798	0.0285111575409091	0.0324049292329299	0.0344108116197284	0.0286166798089855	0.0332644560710798	0.0284727858070631	0.0302772165911703	0.0322715874578151	0.0282857236045639	0.0273475347120297	0.0345623799684201	0.0391036746690918	0.0309189838397443	0.0308681412923984	0.0287960676647155	0.0323943770061222	0.0289514731867917	0.0324010920595453	0.0308192173317447
PKNOX2	0.026183731167427	0.0259262587619072	0.0294174704655615	0.0318738000074175	0.0307183836723981	0.0269197741660319	0.0258242683076432	0.0266480373613144	0.0269019436670347	0.0253827851524722	0.0217475030169204	0.0289417527523158	0.044818029059434	0.058156668749269	0.024034086208323	0.0547774325793172	0.02929907595222	0.0384232988990737	0.0238664795177492	0.0248899501601892	0.0271858052110703	0.026880547068238	0.0207432893133974	0.0423731110369362	0.0245932506568756	0.029586503596055	0.0234998844583665	0.0284318004809955	0.0429836273226008	0.0370945701138014	0.0257030209144621	0.0461738602031821
HMBOX1	0.0290714626893443	0.0286596164951775	0.0346461356233343	0.0535110738974605	0.0492042745777442	0.0241917092978533	0.028226780894421	0.0282681924263414	0.0217002100075222	0.0274995263201486	0.0203461096418526	0.0484713471908799	0.0320462856124992	0.0303251542721384	0.024745943088075	0.0328228936563206	0.0251107049377295	0.0329584738772653	0.0188547272114609	0.0239835170757332	0.0422380607149786	0.0222794041731479	0.0223576889869151	0.0364217259645767	0.0576505252457179	0.0220088110125176	0.044053928025623	0.0186357566454163	0.0273599751303896	0.0280588656417029	0.0290986921897851	0.0351924274759274
IRX5	0.0345601586491394	0.0320756874656581	0.0265830746359409	0.0445698650310855	0.0324829092369612	0.0213373051401986	0.0289273890111484	0.0285654915808293	0.022830219202459	0.0238824412108433	0.0256452094263472	0.0299273137030126	0.0320708063827829	0.0300988489011985	0.0211650726444591	0.0650606509412122	0.0275083884895698	0.0424361345170657	0.0220631918934976	0.0245323225307996	0.0463012548566775	0.0243810089616682	0.0201881587718638	0.0378890571700318	0.0392208954974102	0.0285668861759365	0.0302194813779715	0.0192740016790925	0.0447769624045051	0.0264749935151328	0.0356074995746485	0.0307773194208525
MYOG	0.0294235781737384	0.0331837798572833	0.0370465324958339	0.0339187283681579	0.0278682220228176	0.0285262573174379	0.0278596761099004	0.0291757466991411	0.0299363329487673	0.0313891381446823	0.0279793188907405	0.0352177071315643	0.0305430927658847	0.0283467931461778	0.0554800666581208	0.0364910481562193	0.0275178395932145	0.0346707687048669	0.0297226851258386	0.0274323804640431	0.0304661795496304	0.0261248557877195	0.0279964107165748	0.0374054608383541	0.0299961543391873	0.0291586548733068	0.0274067427252916	0.0306370978079733	0.0327308464726744	0.0285177114045208	0.028355339059095	0.0294748536512413
CUX1	0.0627937080185303	0.0393119026159718	0.0298872828832438	0.0339338236657728	0.0273799853864613	0.0215494060004525	0.050194167195202	0.0271314810487625	0.0194760638396516	0.024657564731671	0.0300578978016639	0.0297389220846176	0.026148590757864	0.0230589771264739	0.0218498366176705	0.0311112594719097	0.0332142737924358	0.0438591610938642	0.0250173396683394	0.0217014758190443	0.0326579207975877	0.0256182009027755	0.0187082967067612	0.0247799623905375	0.0502943107342747	0.0241383019364793	0.031344927729746	0.0209337086861539	0.0324910148991332	0.0222021935144077	0.0567405874345822	0.0380174546479584
NFKB2	0.0319350028764984	0.0274617543118124	0.0442745940614984	0.0467988681859275	0.0243974029328543	0.0340366078452092	0.0268277505782349	0.0225423549716459	0.0305143648808895	0.0276848296995527	0.0243856621229732	0.0417738015568314	0.0345062402404518	0.0241156234957087	0.0322050415037629	0.0361969168633252	0.0274969767414556	0.0433470700808942	0.0239747337771359	0.0278022377983633	0.0314301480516126	0.0196306341211417	0.0247731088490484	0.0344357953811654	0.0335787162598476	0.0360912495743956	0.0259706714569171	0.0390499336644242	0.0418090239864746	0.0263933406126355	0.0252779636739342	0.0292815798433776
USF2	0.0316418248105319	0.034561069200449	0.0334734222593472	0.0347655468253761	0.0308630696007031	0.0288879027556623	0.0289053051067199	0.0299886014600573	0.0294360768139776	0.0307630060821217	0.0284049875138131	0.0342608786447049	0.02993204381912	0.028735632183908	0.0345741209637422	0.0358096878888338	0.0286225169020335	0.0353963820512151	0.0284528439792216	0.0288443968780182	0.0318550036109878	0.0275522723119894	0.0286312180775623	0.0351222950220575	0.0335473822513422	0.0316026695206522	0.0310240413479861	0.0294969850426793	0.0328208340946862	0.0287878392370809	0.0324858388368269	0.0307543049065929
TFAP2C	0.0303045017422892	0.0321666431586728	0.0339131714904299	0.0331208364837899	0.0287930533492725	0.0309457689850173	0.0279452240620118	0.0296316335897632	0.0323269599693548	0.0336333878256339	0.0277679506655845	0.0343054852242624	0.0310482792533861	0.027966805171142	0.0381322783253984	0.0335563124358829	0.0280908965486411	0.0335925378690659	0.0284423603259056	0.0295106252278541	0.0317743294248403	0.0258402951679126	0.0278373185163604	0.0349290251273478	0.0318082425963307	0.0330653422031692	0.031193180986118	0.0355710631239734	0.0324256164682361	0.0293780555574824	0.031792056764483	0.0291907623603876
ELF1	0.0303880317905563	0.0329593267882188	0.0335558027437894	0.0351920813786655	0.0309280843449243	0.0316777095323306	0.0292797149812191	0.0310610823620448	0.0291991101223582	0.0323991230191356	0.0339185246086634	0.0339950992245813	0.0314681368992923	0.0294006222695104	0.0320605826119198	0.0356757105318309	0.0282237913301414	0.0337532846479986	0.0351074462768616	0.0273532588544437	0.0328142380422692	0.0266842385258983	0.0271356257355193	0.0344585771630314	0.0306943302542277	0.0310167496896713	0.0287799648562815	0.0278771904370395	0.031443955441634	0.0305129693217907	0.030718511711886	0.030267124502265
ELF2	0.0309426553940661	0.0339507931984421	0.033260504733859	0.0354390297963966	0.0299610525315854	0.0341154491624711	0.0301067097305342	0.0305626800924607	0.0294290871093379	0.0306956714480225	0.0347677400968937	0.0334821569931288	0.0315126183464741	0.0286184731325797	0.0330008549444286	0.0356036857604256	0.0278585225293689	0.0322725689496849	0.0365472910927456	0.027605205661632	0.0317469364491308	0.026078971533517	0.0257876571356195	0.0348817326873753	0.0317849339792913	0.0310249833760806	0.0288147937050758	0.0275418764446978	0.0328741965105601	0.0292834299103892	0.0309616541591463	0.0294860834045787
ESX1	0.0749839734545418	0.0344060627372327	0.0305481150901321	0.0344842057128304	0.0315104313636962	0.0203359858532272	0.0348590025772711	0.0279867620010969	0.0228987860344032	0.0251953212616907	0.0231042731183823	0.0298708759682855	0.0276857668358317	0.0243762671100557	0.0227178995168159	0.0306074458679007	0.0234703874299788	0.0414794491209639	0.0216007443841972	0.0254543507548756	0.0323454035288789	0.0230680958148648	0.0212360771647413	0.0283716885105225	0.073153401896559	0.0273210996163759	0.0341962343768315	0.0240680364840871	0.0325349725993103	0.0220768376984868	0.0385722410103018	0.0354798051056305
FEV	0.0303362136853665	0.0310245679314071	0.0339295491532296	0.0344252905139101	0.02990930774929	0.0331931995652632	0.0298309995598322	0.0290775989951291	0.0301795973064509	0.0309115262708188	0.0286829004595554	0.0350789112888202	0.0322244514795511	0.0300956054580808	0.0348351454732499	0.0355790732730992	0.0284107163494238	0.033226038483423	0.0319592140636456	0.0285919619169592	0.0324524293536985	0.0261921948206711	0.0276794189027128	0.0356548553919293	0.0325149496017334	0.0312462306289853	0.0298796264194149	0.030394313309803	0.0326052566266727	0.0293965154118727	0.0305755588773384	0.0299067816786623
NKX2-3	0.0302273117172757	0.0314762394921942	0.0326857093841139	0.0329439011837365	0.0380871504546234	0.0256330416881112	0.027695144964831	0.0385100360267627	0.0268956939440727	0.0310567850403157	0.0284165379996569	0.0335443472293704	0.0287991079087322	0.0285692228512609	0.0328581231772174	0.0350523245839767	0.0272362326299537	0.0361700120089209	0.0272070681077372	0.0280837193343627	0.0367164179104478	0.0284731514839595	0.0309109624292331	0.0368931206038772	0.0372679704923658	0.0296809058157488	0.0300849202264539	0.0279095899811288	0.0309650025733402	0.0267361468519472	0.0302787785211872	0.0329353233830846
SRF	0.0298729292428126	0.0300184679842333	0.0345257587033821	0.0339888089528377	0.0303569558146586	0.0292411587971003	0.029309517902919	0.0292951845420216	0.0306778025855178	0.0308894953003115	0.027668899363268	0.0353284269136415	0.0327230629289672	0.0306557512610601	0.0333901154938119	0.0365335317952535	0.029451748945671	0.0341530913200474	0.0287935169106094	0.0289081837977894	0.03278149893878	0.026663358967998	0.0281044130213071	0.0367452245100471	0.0307604950522341	0.032886242729954	0.0295939799884231	0.0307737258469087	0.035332837178533	0.0294914413296949	0.0297472366934039	0.0313371371868023
POU3F4	0.0500826509822012	0.0379425671779495	0.0298831353553992	0.0333736977665014	0.0289720524353208	0.023728520355207	0.0291469649790489	0.0273728520355207	0.0262772459923884	0.0261426978818283	0.0310710029600584	0.0295006342982355	0.0288067504709184	0.0255775958174759	0.0276419482566409	0.0361492330757698	0.025925498789067	0.0331315111674932	0.0250893783877292	0.0263483642793988	0.032929689001653	0.0252162380348287	0.0240841117902587	0.0312958905162803	0.0476338753700073	0.0328143620497444	0.0300349825087456	0.0244973667012648	0.0436204974435859	0.0254257486641295	0.0460039211163649	0.0342790143389844
MLX	0.0304342527212206	0.0321747674870318	0.0339838364449319	0.0338505366269814	0.0313978199766916	0.0290517431807622	0.0288803577005401	0.0302171644462726	0.0298782020520555	0.0314854169999162	0.0278901304814789	0.0353282603231188	0.0306703838273044	0.0291774258662584	0.0357967139690592	0.0368326439828462	0.0281262615875627	0.0339762193124776	0.0280234302994295	0.0292459800583472	0.0322318959804392	0.0280805587928368	0.0279777275047036	0.0357129255120617	0.0319234021160394	0.031287371556104	0.0311312203407905	0.0301143331581393	0.0333478058849965	0.0306246810325785	0.0307160866220303	0.0304304441549934
PAX2	0.0326690698043483	0.0261511256206216	0.0358203541227414	0.0369916948166285	0.0362699978084593	0.0246170471634663	0.031116098755356	0.0261095619185805	0.0321362987145481	0.0252782878777574	0.0270164063267512	0.0390963295472579	0.0303792876737174	0.0270881981757313	0.0300883417594293	0.0333680957023132	0.0259659782206201	0.0372410770288754	0.0210614613797638	0.0296500336288135	0.026804809298178	0.0202868651144513	0.0281612973920666	0.0480740891881475	0.0313465883757661	0.0444920537758734	0.0242732019920349	0.0254218715757177	0.0409742531758447	0.0329297875716974	0.0233588005471295	0.0457616359473123
NFATC2	0.0381833191892251	0.0386105289896488	0.0404925613536778	0.0375829162264674	0.0307475594196874	0.0323293903023375	0.0279302839790552	0.0296910811294503	0.0261117557745487	0.028709653209558	0.0427094338315523	0.0310073491631884	0.0299335515567179	0.02616948682866	0.0311978616417557	0.0348984222102911	0.0274915279678092	0.032260113037404	0.0433387023213657	0.0249917733247891	0.0286057373121576	0.0250841430113672	0.0250956892221895	0.0342864730367112	0.0311805423255223	0.026302268253116	0.0278263680816548	0.0261463944070155	0.0350196574239249	0.026827620845529	0.0325603145187828	0.0266775201048396
POU2F3	0.0585079033354895	0.0373383534303075	0.0259284138594483	0.0299146362364753	0.0275096338314729	0.0207562765034029	0.027187584658849	0.024461915266513	0.0254792036401232	0.0215842054922515	0.0370591520016807	0.0250244646796371	0.0284218761230255	0.0217459211712085	0.0203333278045922	0.0360653607780045	0.0241688919849839	0.0308531400485423	0.0219615420764846	0.0232663249904629	0.0364855451062348	0.023577316680765	0.0187258463120532	0.0287107528486839	0.0456936635097555	0.0421677088343755	0.0285877383578533	0.0205682993039315	0.0554822997351733	0.0244121565960646	0.0729158028008603	0.0351047420012937
HSF1	0.0313061348905244	0.0336980283972652	0.0340833641665852	0.0352847426845314	0.0301609911117161	0.028656711839777	0.0295762776309071	0.0313444767581184	0.0281320672848654	0.0300389361665417	0.0360835315927404	0.0336028127594067	0.0309776728914689	0.0283812894242266	0.0325311575601536	0.0349064362576037	0.031787964359956	0.032977840317624	0.030593615184402	0.0272783216997717	0.031940053768079	0.0320454939039626	0.0277818782275066	0.034033519738713	0.0315579131543918	0.0294356907830624	0.031764320208273	0.0275237096523735	0.0324480835136999	0.0292586791610033	0.0309783119225954	0.0298299729881543
CREB5	0.0244897340248082	0.0298729263336669	0.0418069329451369	0.0287962878718952	0.0298274345676766	0.0375458708640403	0.0215176053134383	0.028599156885937	0.0280380917720559	0.0296151396597216	0.0235040790950171	0.0466897158281018	0.0311921875473873	0.0310405483274194	0.10740605950323	0.0263700603524095	0.0237618657689625	0.0272192399842295	0.0321778424771783	0.0275680101901556	0.0349073484365996	0.0176356412822612	0.0211991629515058	0.0394565250356352	0.0309192369514451	0.0267946501683195	0.028523337275953	0.0270979286082552	0.027962272162072	0.0246717010887696	0.0201073605677372	0.0236860461589786
CREB3L1	0.0311649995612881	0.0335044309906116	0.0337446257787137	0.0350596648240765	0.031035579538475	0.0284910502763885	0.0292204088795297	0.0295911204702992	0.0297742827059753	0.0298740896727209	0.0285458892691059	0.0345068877774853	0.032723523734316	0.0299245415460209	0.0325842326928139	0.0368485127665175	0.029016407826621	0.0343884355532158	0.0281949197157147	0.0286116960603668	0.0329154602088269	0.0275379485829604	0.0278154338861104	0.0364536720189524	0.0325239098008248	0.0311759673598315	0.0303786084057208	0.0289538913749232	0.0336316574537159	0.0294167324734579	0.0315104852154076	0.030880933579012
TFEB	0.0237487366444337	0.0259715119515915	0.0393086855727795	0.0331475281016716	0.0259569021608402	0.0302052206000137	0.0290802667121657	0.0256850556972183	0.0327269748393314	0.0281989832629194	0.0253615531877259	0.0353478669444614	0.0335132946486945	0.0305375933396051	0.0345490244573115	0.0416436432017774	0.0268809714258582	0.0309205785685849	0.0277528628667644	0.0370598213535658	0.0301692179013766	0.0277836477829903	0.0258457633954823	0.0422541237438841	0.0261755272438682	0.0400240435413507	0.0258942887719062	0.033930717241588	0.0351975948110198	0.0415413746665185	0.0251184045273654	0.0284682208353357
TCF12	0.0235958688409107	0.0252527471853677	0.0387642766945958	0.0327168751219921	0.0266534634173593	0.0326596474160158	0.0281379773616733	0.0264531664464422	0.0338859554012224	0.0302479083784427	0.0252677353940758	0.0372460392806886	0.0347818415126373	0.031404044295607	0.0362854313589434	0.039721137564164	0.0278801120436729	0.0320267362392064	0.0285872829818087	0.0319187530082868	0.0303684953303214	0.026050528657966	0.0269419864349898	0.0435203078305556	0.025303502710311	0.0380874228149832	0.0259105251629883	0.0352182027707066	0.0351190762085691	0.0355717882397745	0.0251958601204984	0.0292253037752232
ETV4	0.0251517845691666	0.027064353469108	0.0337762783488795	0.0330545815789073	0.0273175994742338	0.0427489400984435	0.0314543131888636	0.0281048721053329	0.0325756241843776	0.0326803281836356	0.02925516690687	0.0372253512656141	0.0325314238801925	0.03105252517787	0.0355529856580882	0.0361413569203547	0.0275820767041935	0.0303243070515426	0.0390846624219883	0.028869319989189	0.0312242542285561	0.0243721201871484	0.0273016583809211	0.037637645906291	0.0265419203655438	0.0333737657427354	0.0268592930414954	0.0323959245870351	0.03260388339525	0.0309952821609746	0.0272556465888596	0.0278907542383382
XBP1	0.026139892490827	0.0285983895879606	0.0372454149845176	0.0348714890005623	0.0270345658460301	0.0266131939838781	0.0298461844332771	0.0261814361955462	0.0296948466518	0.0269203206580523	0.0258283147054329	0.0332260615529334	0.0398389291219886	0.0313803341004082	0.0311874526142118	0.0425333351137778	0.0259484947083706	0.0317022978119821	0.0263995406453221	0.033086593401376	0.031496062992126	0.0277630643823564	0.0246220635648356	0.0444962751617608	0.0296978140592799	0.0377409720336682	0.0266131939838781	0.0304990140788648	0.0359219512484625	0.0374709379529933	0.0277600969748764	0.0316414659586432
CREB3L4	0.0289039704197233	0.029537749111056	0.0340704776080613	0.0349174847314267	0.0308318862151658	0.028714959067229	0.0295176666548535	0.0293782707823889	0.0310498399310109	0.030643465523148	0.0279305619543774	0.0347001216760582	0.0344154233263635	0.0307993998889558	0.0320232483963568	0.0372021594547022	0.029985469752277	0.034283706040094	0.0283605627813021	0.028794107571086	0.0332589101132887	0.0267504223222407	0.0280043945139455	0.0376835477430863	0.0309110347190228	0.0323758727008541	0.0299234504022398	0.0295731887396487	0.0341927443267061	0.029846664540289	0.0298035463255012	0.0316156926675408
JUND	0.0269872281470236	0.0300927366221857	0.037524663627527	0.0342006910655102	0.0271973961293141	0.0286353875870918	0.0296101798733738	0.0273439606432799	0.0303167314454165	0.0289603183491858	0.0269678705697073	0.0348740582192965	0.0321598493427411	0.0299420240559379	0.0332770580907068	0.0403024759724072	0.0269512783605791	0.0322552545452283	0.0279910567992799	0.0336628269529376	0.0308933107126216	0.0287999269942798	0.0262945034159211	0.0392875858473987	0.0293101374249721	0.0367503605348775	0.02718218660428	0.031664848437083	0.0347758876486213	0.0380417874786894	0.0285109460186303	0.0292354724838952
POU1F1	0.0454939445329496	0.0384055364270175	0.0298096853212738	0.0345855388252223	0.0314438905733422	0.0243212223992326	0.0307312811552495	0.0304229405416517	0.0266577590489405	0.0282097401373829	0.0283707624578173	0.0304983126916423	0.029569864844031	0.026164414067184	0.0285728968600648	0.0350411977319835	0.026123301985371	0.0330506877708687	0.0258971855353992	0.0286037309214245	0.0338832074275828	0.0272573102420474	0.0266714630762115	0.0315775048392346	0.0484882744916662	0.0295116227281292	0.0330952258594995	0.0252668002809326	0.0368021652363088	0.0256847731126985	0.0374633845521353	0.0323243743255049
ELF5	0.0309017528539544	0.0350431350402591	0.0326709039141814	0.0358362027569125	0.0297653129610795	0.0312189799406158	0.0291970930146421	0.0321959347871746	0.0283534781248393	0.0331990347232934	0.0339903594339762	0.0336007975995322	0.0318848082214106	0.0291387023146248	0.032826902948556	0.0359660567017272	0.0275961420305845	0.0333663632964775	0.0355834668911658	0.0274227129365032	0.0320957119438613	0.0269276992408337	0.0269747604020418	0.0338639915011029	0.032466100712628	0.0294733594609928	0.0295709677953502	0.0271002568319298	0.0317601832945079	0.028778771581682	0.0314865313571132	0.0297435253864462
SPIB	0.0336996407246877	0.0457085139299094	0.03093795149144	0.0354193036963165	0.0302379399844016	0.0264246352908084	0.029160753327452	0.0300653344073236	0.026699525654303	0.0289785585516474	0.0320822625394755	0.0295986600692979	0.031462161021825	0.0270767008042141	0.0321334049326838	0.0360745656092977	0.0294867860841548	0.0384846508892384	0.0280995486683799	0.0271534143940266	0.0328398092388733	0.0274506795545498	0.0266036336670374	0.0318233541738586	0.0358412284402849	0.0323092069093373	0.0299790316187846	0.0279173538925754	0.0328238272409957	0.0273867515630394	0.0352882513137202	0.03075256031606
ETV5	0.0285263593731717	0.0310038794228571	0.0330065977191514	0.0343049892438276	0.0290169128434999	0.0372010549149857	0.0307203485179885	0.0295727234268535	0.0307766046499068	0.0314966831384621	0.0305808333108309	0.0349350579213134	0.0323360246266843	0.0304930737450382	0.0340057066220218	0.035643885183485	0.0280920620347618	0.031964734156023	0.0357788999000891	0.0283575909774165	0.0324485368905211	0.026840925660897	0.0277792779412956	0.0346627782428285	0.0297662445206528	0.0303310560851133	0.0287266312028011	0.0304503190847802	0.0315844427042548	0.0299147607089173	0.0309408725551085	0.0287401326744615
TFAP4	0.0232748051346979	0.0245420136934179	0.0384371761979886	0.0337851820040809	0.0267478540525827	0.0314803235924788	0.031199587016842	0.0245928207090879	0.0319457455243469	0.0296312449053914	0.0251505853190718	0.0368425034433806	0.033227788248226	0.0325583965454196	0.0345914188804804	0.0417922935028582	0.0280584525443931	0.0308928906521767	0.0278630124184214	0.0292759666498299	0.0306054787022182	0.0254969630755378	0.0264437536668202	0.0411766756487537	0.0256308414160991	0.0339709799226992	0.0258006926071713	0.034042554769592	0.0424572349561168	0.0343833697141234	0.0298860216919997	0.0342153727936961
ETV1	0.0274672957732634	0.0297076077444078	0.0337037110393683	0.0342183079115876	0.0295895035442264	0.0373583391468475	0.0297497878159012	0.0289373629606156	0.0316398218020354	0.0316174480249823	0.0293962087818175	0.0358930401414903	0.0328193966709287	0.0307301993906997	0.035420256557534	0.0348396387038468	0.0282324055918304	0.031948653282013	0.0347009946427641	0.0284733821741883	0.0323224053937675	0.0258728890708134	0.028017103835599	0.0357525621642558	0.0292968105263853	0.0314087483668977	0.0288735426785299	0.0314777036142086	0.0317245487282525	0.0299493178932265	0.0297607913128125	0.0291002147149031
CREB1	0.0336450952605889	0.037915288930877	0.0328011336797355	0.0348354589828373	0.0310250354274917	0.0271075421193513	0.0302125649504015	0.031610769957487	0.0274665407022516	0.0304267044559912	0.0303700204692174	0.0330278696268304	0.0308486852464179	0.0283419933868682	0.0331475358211305	0.0359376476145489	0.0266981577704299	0.0346780034640214	0.0287009919697685	0.0273972602739726	0.0318941898913557	0.0290473941111636	0.0270445599118249	0.0353141237600378	0.0347913714375689	0.0309494567784601	0.029960636120296	0.0281593449850417	0.0329774838608093	0.0288017635018107	0.033260903794678	0.0316044717367344
RFX1	0.0286693975707182	0.0322970163854243	0.0349769707344909	0.0399139969022581	0.0306258661449417	0.0307990951332844	0.0276962582538518	0.0281140458139724	0.0293775984348251	0.0297495312627374	0.0279051520339121	0.0384568354120812	0.0350890600798891	0.0312525474851227	0.0336064237384854	0.0366379310344828	0.0287152523029266	0.0354508029673107	0.0285114534931116	0.0277573978967963	0.0337287030243743	0.0269931523599902	0.0283076546832966	0.0347273171924676	0.0323836308795957	0.0289598108747045	0.0298972853998533	0.0285114534931116	0.0323123012961604	0.02855730822532	0.0302692182277655	0.0297495312627374
MAF	0.0339394452558865	0.0379966554475985	0.0324435694982466	0.038730481290969	0.026460066467687	0.0243503171679967	0.0260508174396534	0.0254863360216761	0.0292330814335006	0.0245831657529124	0.0270668839920126	0.0299598512591464	0.0448903847646465	0.0285345356787536	0.0291342971853545	0.0507609915116107	0.0266435229285296	0.0348143914537513	0.0239481241576879	0.0243714852211709	0.033403187908808	0.0237152755727722	0.0217466466275763	0.0512478567346161	0.0360068584492284	0.0364019954418126	0.02688342753117	0.0273844047896248	0.0381448318198175	0.025189983277238	0.0314486709990616	0.0290284569194838
CLOCK	0.024925604608736	0.0281652975036013	0.035878909131472	0.0348485884366593	0.0265688401755503	0.0304178496163585	0.0256464692624991	0.0258539727318851	0.0388355337097182	0.0293131635163322	0.0256512670305774	0.0342836512454406	0.0392937205611949	0.0303554786313407	0.0335136094688751	0.0413099825960963	0.0282480590029518	0.0325108759405125	0.0274708205742689	0.0285875010944908	0.031485353013778	0.0235630384745017	0.02651366584265	0.0440279182124476	0.0272417271485305	0.0401705126775024	0.0267883380651321	0.0330362315450852	0.0414599128485429	0.0287950045638769	0.0263961205247319	0.0288429822446598
TFE3	0.0296951926437995	0.0316067311024216	0.0344994400352433	0.0344122417318948	0.0307499129912582	0.0297331049496032	0.0291811017771014	0.0295806974802723	0.0305239556486682	0.0309857275333571	0.028498680272635	0.0351575976639954	0.031210168383715	0.0302001845571047	0.034558583232297	0.0357566120956937	0.0293881029667896	0.0343515820426089	0.0289392212660739	0.0288694626233951	0.0323627024801472	0.0273931574353993	0.028642747034689	0.0357133920670775	0.0313322460084029	0.0317894684163954	0.0300667332406757	0.030439790329784	0.033284729757293	0.0298946113723269	0.0302380968629083	0.0309440239969731
NKX2-4	0.0267408735866045	0.027131128611686	0.0331713117246057	0.0327141871587096	0.0388479145473042	0.0250194396697887	0.0271022614328644	0.0381024836005192	0.0273375837513593	0.0328552343868757	0.0278911758515452	0.0340581553068837	0.0298278346838788	0.029577165257656	0.0337106529390442	0.0347308701956245	0.0289720507243835	0.0362315980870196	0.0277260117398066	0.0286753399749769	0.0354467031489342	0.0285701026648426	0.0354726470691409	0.039207109949603	0.0334596181054946	0.0298990891126156	0.0287721729165936	0.0285346581541376	0.0309587703604963	0.0266911781901521	0.0275458659276669	0.0350188111691865
HSF4	0.0305502221531655	0.0340758169354331	0.0337798593461557	0.034090614814897	0.0298954159868891	0.0283305402335845	0.0298177271197037	0.0310533500549371	0.0281122715114924	0.0293293970973959	0.035833065121768	0.0327958003618082	0.0314232970415339	0.0290704342067782	0.0326182258082417	0.0349858865224613	0.0323925581464176	0.0326404226274375	0.0296179557469415	0.0276387393686485	0.0315638768964407	0.0319745180515632	0.027694231416638	0.0341424073930206	0.0322001857133873	0.0298843175772912	0.0315194832580491	0.0279642927168537	0.0332434362155903	0.029436681723509	0.032000414340625	0.0303245544913414
SREBF2	0.0305321970765845	0.0319054875181067	0.0354045563143142	0.0337114585096977	0.0295915871851308	0.0286133528980191	0.0323005436725173	0.0297985213612506	0.0276351186109073	0.0299490189438832	0.0268450063020863	0.035611490490434	0.0311529996049438	0.0305886336700717	0.0368530955471528	0.0381323249995297	0.0298737701525669	0.0339372048836466	0.0287074138871644	0.0268450063020863	0.0323946046616626	0.0257727110258291	0.0261865793780687	0.0377372688451192	0.0331847169704837	0.0298361457569088	0.0280489869631469	0.0292341554263785	0.0358372368643829	0.028331169930583	0.0327708486182441	0.0326767876290987
ELK3	0.0285525189432995	0.0305909918802894	0.0343674442312192	0.0340725849617265	0.0298517778135866	0.0342066801963875	0.0293747443457448	0.0290656116339072	0.0311393925598555	0.0312577118845564	0.0289792197460304	0.0359127321735035	0.0322008859300293	0.0306041384719228	0.036450239962859	0.0349473967307056	0.0288811837341354	0.0328758695061802	0.0320371169599671	0.0286452963185412	0.0321370310563812	0.0266639171509308	0.028391379291564	0.0358661556774307	0.029810835571071	0.031330581563896	0.0291884383614539	0.0314436422519435	0.0320228435176223	0.0299178863886576	0.029458506915295	0.0297552442693068
CEBPE	0.0348869135086575	0.036916473924322	0.0326377036973583	0.0359214621620969	0.0314889373581889	0.0270816722347788	0.0296812228321154	0.0309035717188224	0.0262810501876904	0.029489029610935	0.0302896516580235	0.0333790204076253	0.0298833002760993	0.0288718148092016	0.0313582459677862	0.0369505195806454	0.0277505046444865	0.0357775918079561	0.0280624067862877	0.0277812555598753	0.0326860265643979	0.0288454568817254	0.0273134023471734	0.0340160036549659	0.0359522130774857	0.0301556655266863	0.0308574453457391	0.0270893599636261	0.0333790204076253	0.0287521058885806	0.033889705252476	0.0316712463565657
TFEC	0.0333435052385312	0.0360416030922592	0.0335672871528837	0.0349964398331808	0.0305932763706642	0.0280579290001017	0.0300312786084834	0.030589461906215	0.0284851490184111	0.0300732377174245	0.0298812430068152	0.0339792493133964	0.0291806530363137	0.0283287559759943	0.0336384904892686	0.0356512562302919	0.0281024310853423	0.0347446851795341	0.0284457328857695	0.0285855965822399	0.0323135998372495	0.0287508900417048	0.0277743871427118	0.0336168751907232	0.0346467805920049	0.0301660563523548	0.0308946190621503	0.0287203743261113	0.0331311667175262	0.0290229885057471	0.0337033363849049	0.0309416641236904
CEBPB	0.0312559704347443	0.0335661493825812	0.0340862655613411	0.0352474238065761	0.0309543300233805	0.0289075807045439	0.0291233592402438	0.0302355177763303	0.0279914210050515	0.0303910581374806	0.0292361934328702	0.0347610230240193	0.0316403259514597	0.0296344846466829	0.0335818832341426	0.0363730685011439	0.0285623350474241	0.0347933898043743	0.0284328679260041	0.0282656395608367	0.032826208820577	0.0278161009447953	0.0278143027903311	0.0357823747596654	0.0330226571957871	0.0309583758709249	0.0302139399227603	0.0293386882373276	0.0330936842971217	0.0295135587589677	0.0312973279874201	0.0312824932130907
DUXA	0.0355236040222969	0.0364780004702823	0.0315815317371399	0.0358624839204946	0.0320587299611325	0.0267403903343154	0.0309106878570342	0.030723958117211	0.0253848707415245	0.0301049836092784	0.0296589070085896	0.0323872359848956	0.0301845166466105	0.029150587161293	0.0312115302156383	0.0363811776422258	0.0285731081510989	0.0339052796104956	0.0285246967370707	0.0280509564712229	0.0320518140448428	0.0289776892540493	0.0279575916013113	0.0334004177213439	0.0388951132135497	0.0291056337054096	0.0313775122065923	0.0268752507019655	0.0331687345256373	0.0288255390956748	0.0341369628062022	0.0318305047235708
CDX1	0.0435855897554578	0.0390187456607267	0.033140476741495	0.0338964745815012	0.0297462007251408	0.0246239296459153	0.0305330556198411	0.0286970608655404	0.0255959268687804	0.0279719200802283	0.0260587826891923	0.0334644758157834	0.0307490550027	0.0264136388181748	0.032183908045977	0.0347296150582427	0.0283267762092108	0.0314279102059708	0.025518784232045	0.0253644989585744	0.0354238987888606	0.0254879271773509	0.0246239296459153	0.0337421893080305	0.0493250019285659	0.0304559129831058	0.0302553421275939	0.0261050682712335	0.0361644681015197	0.0256884980328628	0.0435701612281108	0.0281107768263519
MIXL1	0.0407954351576273	0.0341636493462999	0.0321542087669744	0.0355917423366382	0.030375411524584	0.025778342274712	0.0325017535212603	0.0293991267148174	0.0270073869057775	0.0281637630882195	0.0285713383000638	0.0323469381307147	0.0303722520268178	0.0278952057780895	0.0297782664467656	0.0367639160079114	0.0285555408112326	0.0352726330622484	0.0265429407341409	0.0273802076421932	0.0323090241575199	0.0275160660461413	0.0253865645516989	0.0333674559092087	0.0432314079353946	0.0297909044378306	0.0311178934996493	0.0264134013257253	0.0351304556627678	0.0273296556779334	0.0370893442778336	0.0319077679412081
SHOX	0.0410744138104271	0.0296985393261671	0.0316012553883822	0.034500082287417	0.0308303522190173	0.0269296399275871	0.0294386843252576	0.0295397390478335	0.0296176955481064	0.0295830482146518	0.0264272535924954	0.0326291262808686	0.033954386785507	0.0295541754367729	0.0297533976041369	0.0347628245661143	0.0286042610445594	0.0340179068968404	0.0262251441473436	0.0298688887156522	0.0325309588360806	0.0255812812006456	0.0263146497587679	0.0348725411220539	0.0456074399374038	0.0317716047778673	0.0316936482775944	0.0280874383205283	0.0334404513392638	0.027870892486437	0.0321585000014436	0.0314597787767759
NKX6-2	0.0636203262614717	0.0390791383384759	0.0289701862998372	0.0337691855356093	0.0291926272924086	0.017053075301782	0.0415105725543053	0.0272721466436738	0.0202839756592292	0.0224973736546174	0.0253494636088739	0.0267281572856032	0.0269594078224348	0.024199818082911	0.0201914754444966	0.0344739490764294	0.0258714291062938	0.0392333053630303	0.0200813561412434	0.0231162441389001	0.0323530512957738	0.0236007690732139	0.0206495717460296	0.0268558956773769	0.0601317467344121	0.0273294086813654	0.0314522753951631	0.0208081435427142	0.0484260647986028	0.0192884971578208	0.0572862639383508	0.0423650983475497
PDX1	0.0551677399754958	0.0341255454178226	0.0302629690092508	0.0337182555977312	0.0316617758503844	0.0209220106763348	0.038145028560364	0.0291813140772048	0.0241870061193626	0.0250232856270093	0.0246293495715111	0.0290310842255317	0.0294533970307904	0.0260582023829793	0.0244691043963931	0.0336564944364878	0.0265406071289072	0.0344493742092068	0.0223475250466547	0.0270680808303371	0.0327317462384114	0.0243956586911308	0.0229167292624382	0.0311860479867531	0.0589435169142121	0.0288858620355811	0.0334611956293129	0.0240868528849139	0.0431326596359096	0.0230102056145903	0.0385940488948091	0.0385573260421779
LBX2	0.0568725538220988	0.0336168549388672	0.0278342676846395	0.0435656759079206	0.0356867770735095	0.0182829377390513	0.0345668749783524	0.0331220528349687	0.0192692432661557	0.0277204632007429	0.0218900450764717	0.0302802394182447	0.0288601573800558	0.0235971123349216	0.0231765305466079	0.0348423148161893	0.0245487817147532	0.0403494622325801	0.0205689234590625	0.0268792996241153	0.034926431173852	0.0235014505948346	0.0231831279079932	0.027560477187149	0.0715038520343789	0.0245652751182165	0.0366994720461551	0.0222825880788978	0.0332094678733241	0.0213738015480709	0.0409696142027996	0.0346938741850197
MSX2	0.0591429489311738	0.0383890419371071	0.0298969980752884	0.034866563750032	0.0309602804336145	0.0215840632738293	0.0345026596273963	0.0276993583346838	0.0237106279904816	0.0255756366189895	0.0260760047876136	0.0302097281806784	0.0290725277974419	0.025899738728212	0.0247284223334783	0.0354465359454826	0.0272558501852215	0.0401659175359142	0.022820768690599	0.0251378144714435	0.0337521073744602	0.024657347309526	0.0236367099655713	0.0311280174901419	0.0558535968226621	0.0287796986987585	0.03075842736559	0.0233609388726364	0.0341415985057187	0.0246630333114422	0.0406662857045383	0.0354607509502731
LMX1A	0.0609219703044884	0.0387434894251254	0.0296266595384478	0.0354588385863446	0.0308052457210436	0.0214980599904417	0.0330409143560707	0.0289502887738654	0.0242116432974492	0.0246085554826533	0.0270183794642496	0.0289988902659312	0.0278000534616413	0.0247665103318672	0.0240374879508801	0.034008894073048	0.0248556130673212	0.0395535142928888	0.0228305508979126	0.025568434950953	0.0317651251893433	0.0243857986440184	0.0231464605963403	0.0296428600358031	0.0593140709419779	0.0290636922553522	0.0303597320437737	0.0231464605963403	0.0366293245202628	0.0235109717868339	0.0457340040339238	0.0359975051234073
MSX1	0.0562795352772447	0.0393941269939537	0.0301543572917312	0.0342402856022617	0.0310700798613261	0.0222301326894901	0.0329814895065932	0.0287072576817516	0.0236746527992736	0.0264321385088425	0.0273788150807899	0.030265275800161	0.0278921356198023	0.025598959945521	0.0277115706060794	0.035914381229493	0.0260761674817887	0.0393734909923853	0.0242808353453435	0.025170762912978	0.0342944551063786	0.0254545079345426	0.0245800573680844	0.0310597618605419	0.0526656555025898	0.0278018531129408	0.0312454858746569	0.0236308012959409	0.0347407086402939	0.0240538393280918	0.0406967745929549	0.0349496481561733
LMX1B	0.052478845829852	0.0410052227849581	0.0291258797762351	0.0362328557527996	0.0322959967817467	0.0216750733218494	0.0314226673680808	0.030549337954415	0.02307790167136	0.02586636684649	0.0280840734284368	0.0296863234550837	0.029139632995348	0.0259867075137274	0.0248073689748007	0.0352254324527835	0.0258526136273772	0.03678986112687	0.0232429403007141	0.0258491753225989	0.0335578546353506	0.0264061806966693	0.0243535127440767	0.0306456104882049	0.0550472594991765	0.0280875117332151	0.0322650520387428	0.0231948040338192	0.036401332686932	0.0236177155215393	0.0433982829105938	0.0346306057261528
EN1	0.0748522797424817	0.030378193256313	0.0275266778375518	0.0335420525031602	0.0310433018784725	0.0199385601316989	0.0376392686009936	0.0269277126142811	0.0231979598436076	0.0253035247082341	0.0222829761589793	0.0282579298586001	0.0280374518623041	0.0253218978745921	0.0232898256753976	0.031947261663286	0.0245906458535438	0.0433827204045036	0.0206293911867596	0.0251565393773701	0.0308669194814358	0.0219044889320046	0.0225512243878061	0.0294668842049563	0.0694836405326748	0.0299519357968075	0.0319729840961872	0.0232200076432372	0.0361804391921686	0.0222940000587941	0.0378670958638328	0.040994208777964
FOXI1	0.0359207704681576	0.0371433539247882	0.0317554570635907	0.0437778922355015	0.0301074845509412	0.0234904429623263	0.0275529631245646	0.0265217500658861	0.0264167697332953	0.024679126519891	0.0239541060979357	0.0316023607452291	0.0316657863628361	0.0279728844549279	0.0268191943415601	0.0537947656368752	0.0247589553144653	0.0450628077646079	0.022808070800486	0.0258043844598488	0.0360005992627319	0.0231284795239142	0.0221453824510064	0.0389400485752747	0.0367442099519168	0.031055588179652	0.0279280491045506	0.0247348973215799	0.0368710611871307	0.0273670604522684	0.0424557961719359	0.0310195011903239
RAX	0.0666604682155047	0.0334910064347671	0.0302561897345901	0.0346454679636926	0.031104602737391	0.0224190230466162	0.0340682371992298	0.0274010281680865	0.024456763866129	0.0257196982903897	0.025560862979363	0.0300934803915872	0.0287104509760624	0.0247744344881823	0.024681457720752	0.0318484168768329	0.0264867566216892	0.0375199996900774	0.0231124747703668	0.026633969836787	0.032491506184892	0.0240654866365267	0.022907151075625	0.0296131004265309	0.0659321502039678	0.0277341949180449	0.0343859078212832	0.024472259994034	0.034025622847491	0.0231357189622243	0.0378492924080595	0.033742818513224
FOXJ2	0.0466779081001526	0.0500187357224765	0.0277017814737564	0.0500706539895802	0.0294591019494181	0.0173926194797338	0.0281374434542352	0.0236126536103511	0.0208553421639534	0.0190946357143502	0.0227176278318029	0.0270889201903369	0.0282299934086374	0.0239772101380574	0.019190571642694	0.0663820191239808	0.0207774647632978	0.0522184901265	0.0182966745221262	0.0217898709718197	0.0387705302886656	0.0216352448284891	0.0174953273559607	0.0385820444059196	0.0453077173118076	0.0286419535715253	0.0265742521512221	0.0182345983331979	0.0393991927838123	0.0244422172260296	0.0556857274426416	0.031541475923468
HOXD9	0.0485230423212675	0.0411150575826068	0.0302554567081974	0.0362902178229581	0.0314579552329099	0.0249110188205865	0.0297766841474323	0.0289045015754958	0.0250520525981762	0.0258166041293206	0.0253972142117511	0.031469089478509	0.0313391899465185	0.0269560085956376	0.0277094258811828	0.0356073174262078	0.0271304451100249	0.0336736701071486	0.0228994317823329	0.0257460872405257	0.0345495640942848	0.0238718225646621	0.0229625258407283	0.0319218821328761	0.0553186435519728	0.0295985362178452	0.0305560813393755	0.0259093895093138	0.0367986817053211	0.0247699850429967	0.0424808583761074	0.0312315589057263
SOX18	0.0343776035979195	0.0341511158565685	0.0407435268994637	0.034118760464947	0.0236841466669902	0.0248893850048938	0.0258357802098247	0.0295081171588731	0.028869098174347	0.0301066919038721	0.031667839549613	0.0359144846999442	0.0256335590121899	0.0215486908199665	0.0794163087351469	0.037289588843861	0.0277528371634028	0.0373300330833879	0.0248408519174614	0.0236194358837471	0.0253019162480688	0.026871152741715	0.0257063586433384	0.0396191770406141	0.0293382513528598	0.0307376220404928	0.0225436191123298	0.0340944939212308	0.0306486447135335	0.0269763077644851	0.0316031287663698	0.0252614720085418
SOX7	0.0448209691293872	0.0381299360478921	0.0308589355846966	0.0347357645254582	0.0289477679040602	0.0252032805134852	0.0291929890117589	0.030372385767834	0.0241562253075968	0.0277995103362643	0.0308122268022778	0.0305241893106951	0.027024923027819	0.0286169140285936	0.0362888315408838	0.0437544519308243	0.0257287543156969	0.0430226810062629	0.0274297324754487	0.0245571423566916	0.0334512730089408	0.0285935596373842	0.0248140406599951	0.0333383934514287	0.0363044011350234	0.028363908123825	0.0294615645106671	0.0252422044988342	0.0331009571407997	0.0256742607362083	0.0378886073387282	0.031789218834538
VENTX	0.0598098022666988	0.0343856335235646	0.0284886330144951	0.037899720011789	0.0310507260938295	0.020026190284811	0.0438997066152239	0.0283747622109691	0.0227816962730756	0.0221085188757603	0.022847004528039	0.0277894997722584	0.0306061275888862	0.0233024877421429	0.0216999236395788	0.0325536532433084	0.0274629584974413	0.0333875894220722	0.0204180398145915	0.0262999691879002	0.0321216140181657	0.0235067853602336	0.0202129049111808	0.0283630402164885	0.069702328323018	0.0272728947297913	0.0329588993382097	0.0216748050799775	0.0443057899954452	0.0216773169359376	0.0439867842885084	0.039024194196608
FOXD2	0.0384293402431732	0.0472460301641087	0.0272274267490532	0.0446083316723141	0.0328018071888911	0.0214869443890771	0.0289283104112684	0.0326556374991695	0.0242841007242044	0.0260381370008637	0.0259849843864195	0.0286625473390472	0.0291807853298784	0.025260780014617	0.0257258653910039	0.045890638495781	0.024064846189622	0.0385157132416451	0.0225433526011561	0.0272207826722477	0.0354262175270746	0.0266493920669723	0.0225832170619892	0.0313135339844529	0.0526609527606139	0.0265098664540562	0.0325094678094479	0.0232011162049033	0.0346953690784665	0.0250149491728124	0.0431599229287091	0.0295196332469603
VAX2	0.0498742287345042	0.0355825521978952	0.0316909749247064	0.034228960102873	0.032458010445219	0.0243138980068356	0.0290853101417888	0.0296887866174862	0.0255490507935434	0.0290063506029125	0.0276696784090781	0.0318263341342087	0.0277486379479544	0.0283803142589647	0.0290853101417888	0.0325200500829075	0.0264683654247459	0.0351031549975748	0.0255885305629815	0.0272184810440707	0.0313807767362639	0.0269534025921289	0.0264965652600589	0.030715260622878	0.0506863839915175	0.0295308675397336	0.0343868791806256	0.0268462432179396	0.0357968709462737	0.0259494884549874	0.0348606364138833	0.0333096454716704
DLX5	0.0603148583360515	0.0341175519443771	0.0333843507545281	0.0348005720641983	0.0300166433882258	0.0234345597029281	0.0312990485111555	0.0281125505643976	0.0250319904321426	0.025807009180348	0.025528225457972	0.0313826836278683	0.0288708422892604	0.0273235926300735	0.0271981399550043	0.0348089355758696	0.0257345254125302	0.0409198747703519	0.024435393266258	0.0262586388105971	0.0318538281186838	0.0245385432435371	0.0236520110063814	0.0309282661603954	0.0566293375262405	0.0280317032849086	0.0309617202070805	0.0258599780875994	0.0339056763153713	0.0243406068006501	0.0372176269371984	0.0333007156378153
HOXA2	0.0588907280341643	0.0333282290975468	0.0282470839014834	0.0350211339667447	0.0311054559419381	0.0193365465712904	0.0406199945068701	0.0273088767521505	0.0236374728685562	0.0232607316557412	0.0239692481946804	0.0279639203447547	0.0319719607314127	0.0263937601932804	0.0211521961582119	0.0348971739547862	0.0280319768219084	0.0341351844695119	0.0204594784443262	0.0252890577337679	0.0341120938790491	0.0235159434450675	0.0218643585798558	0.0302693335083357	0.0630494649059484	0.0285800745218425	0.0323450560615231	0.0219178315261908	0.0467912586316273	0.0218558515202116	0.0396586967670743	0.041019826310148
HOXD4	0.0515028763999047	0.0374329123690869	0.0321944983414841	0.0353375467580458	0.0305038333087487	0.0237298264326211	0.0331514071855155	0.0288963777407117	0.0247812914865371	0.026010522215036	0.0263925293029694	0.0309312273774268	0.0297549481264633	0.0285257173979644	0.0270128180398119	0.0350576603767876	0.0276595825154221	0.0358746260301899	0.0252162500520059	0.0262185458767819	0.0316498545725492	0.025038484377423	0.0237941246553426	0.0307156392188901	0.0537760076855287	0.0288925954923164	0.0311505977843589	0.0250195731354461	0.0394148105282666	0.0244749293665112	0.0359691822400744	0.0339192036097779
SOX11	0.0607767673319056	0.0477461539257374	0.0287511509771667	0.0467581240882709	0.031637646523273	0.0226470922954364	0.0286476923554424	0.0302771656475992	0.023929979204817	0.0237437536857134	0.0214676640077801	0.0299926544378576	0.0365364122619158	0.023588565753127	0.0223367164302637	0.0309599925509792	0.0244576181756107	0.0347155405195692	0.0198278448534509	0.0286425194243562	0.0307530753075308	0.0218401150459874	0.0190570781216053	0.0276441437247173	0.0809874090857362	0.0277682940707864	0.0363088032941225	0.0248869714557663	0.0322532253225323	0.0203296191688134	0.0339913301674995	0.0267388807846302
DLX4	0.0546174921946049	0.033569474291915	0.0330809733718728	0.034424833610408	0.0303758753917179	0.0230599465931405	0.0315594764351404	0.0282249266765912	0.0257399437355067	0.0269988472922954	0.0251877253041546	0.0319437123366756	0.0304685554081686	0.0279874341344362	0.0271861381588729	0.0351585504073094	0.0268984439411405	0.0386514285272952	0.0238380725645912	0.0264273205241827	0.0329245758441122	0.024755218560718	0.0243844984949151	0.0326639132978446	0.0534029978123654	0.0289258193009996	0.0311501396958165	0.0264562830293236	0.0348129311792953	0.0251800019694504	0.0362263014301685	0.0337181484849714
PROP1	0.0351706939547683	0.0317525152635652	0.0328023332473414	0.0358657952819102	0.0322720497606558	0.027925874967753	0.0303085676613065	0.0301222518416602	0.0291942557399604	0.0296528792960128	0.027632069252157	0.0333182847479004	0.0316701063433371	0.0287069682116548	0.0316557743572104	0.0353749247570728	0.0278577980336515	0.0340133860750423	0.0274959153839539	0.029746037205836	0.0321573938716427	0.026800814056812	0.0265464213030642	0.0349879611316536	0.0398680024077737	0.0310144179780434	0.0316450253676154	0.0286854702324648	0.0332573738068622	0.0286890532289965	0.0326016854415685	0.031207899790753
PRRX1	0.0594143774816632	0.0360336939591291	0.028947830357004	0.0370202488162453	0.0318019513344043	0.0216242159221955	0.0359025977055934	0.0285912041079789	0.0242172553777239	0.0252960220063948	0.0259792779040598	0.0292344645384634	0.0296333082250678	0.024722753643476	0.0238195226763189	0.0342105672468231	0.0260903764240053	0.0377290573734977	0.0225241139337542	0.0252638034356106	0.0326696307751788	0.0242194773481228	0.0221952623147154	0.0302521269811644	0.061290831483543	0.0284545529284459	0.0322630101921782	0.023309580469769	0.036135904597479	0.0237917480463325	0.0413797547389074	0.0359814776547547
RFX5	0.0236250735656205	0.0263707226846347	0.0359961085288077	0.0458785236430896	0.0315929809389976	0.0334858693955008	0.0260968784155467	0.0279681475876482	0.0311605952509639	0.0291956425131217	0.0253642248886006	0.0428446173987197	0.0371371263166745	0.0302910195894738	0.0332192315545467	0.0382180905367588	0.0281723297181086	0.0406706782449945	0.0275021319016563	0.0260007927070947	0.0358711971078202	0.0243745420915457	0.0268679662258735	0.0380067019781645	0.0311317695384283	0.0335579336768397	0.0286575625457908	0.0286287368332553	0.0298538296160175	0.0275573811840161	0.0263515055429443	0.0283500882787446
GSX2	0.0537535244078755	0.035808464342839	0.0306209202126893	0.0343626765806399	0.0307025759999231	0.024213342555634	0.0311156582176943	0.0279166726707687	0.0260001633115745	0.0269752294767785	0.0255558597633903	0.0299556657108136	0.031266961588157	0.0268167211839128	0.0272033853528731	0.0338823484204408	0.0262907618484949	0.0345572094855205	0.0242998016244698	0.0275900495218333	0.0324341590174407	0.0248569822903007	0.0248137527558828	0.0321771834517342	0.0563905260073682	0.0289085503215797	0.033315561191406	0.0263868274805347	0.0362407596870182	0.0246792608710271	0.0375160309523466	0.0333924136970378
